4, 14, 17, 21, 28, 31, 34, 38, 40, 43, 45, 47
7, 9, 21, 25, 34, 35, 38, 39, 48
0, 7, 8, 28, 36, 38, 45, 48
0, 4, 5, 11, 12, 14, 17, 28, 36, 38, 46, 48
8, 11, 14, 17, 36, 39, 43, 49
8, 10, 17, 22, 25, 36, 38, 39, 42, 43
3, 8, 11, 14, 19, 28, 29, 35, 36, 38, 48
3, 7, 13, 17, 28, 35, 38, 39, 43, 45, 48
6, 11, 13, 14, 29, 47, 48, 49
3, 5, 7, 8, 15, 17, 21, 25, 28, 33, 35, 36, 38, 39, 41, 48, 49
9, 23, 26, 28, 29, 38, 40
12, 18, 40, 47
6, 8, 28, 33, 38, 43
0, 10, 12, 14, 16, 18, 21, 35, 36, 38, 40, 44, 48
0, 3, 6, 9, 11, 17, 21, 23, 27, 28, 29, 33, 35, 36, 38, 43, 47, 48
5, 14, 30, 33, 35, 38, 40, 47
11, 19, 38, 43, 45, 48
5, 8, 21, 28, 39, 47, 48
8, 12, 15, 21, 34, 45, 48
29, 35, 36, 38, 43, 47
3, 11, 14, 18, 23, 28, 29, 33, 35, 36, 41, 49
5, 11, 14, 18, 21, 33, 38
3, 11, 13, 17, 21, 28, 29, 36, 38, 43, 46, 48, 49
7, 12, 13, 29, 35, 39, 43
4, 7, 10, 21, 24, 28, 38, 40, 48
8, 9, 19, 26, 40
11, 17, 21, 27, 35, 36, 38, 48
4, 21, 29, 35, 38, 49
7, 9, 14, 17, 25, 29, 33, 35, 36, 38
1, 11, 28, 36, 40, 44
3, 17, 33, 35, 36, 39, 40, 42, 43, 48
17, 18, 28, 29, 39, 40, 42, 48, 49
9, 29, 36, 44
8, 19, 28, 33, 35
9, 11, 13, 14, 17, 25, 26, 29, 36, 38, 47
3, 14, 34, 36, 38, 47
8, 11, 14, 17, 20, 28, 35, 38
3, 18, 19, 25, 26, 34, 38
7, 11, 47
19, 21, 25, 26, 39
29, 34, 36, 38, 40, 44
11, 25, 28, 29, 33, 38, 40
0, 3, 5, 6, 8, 12, 17, 28, 29, 33, 40, 42, 46
24, 29, 35, 36, 38, 47
29, 35, 40, 42, 45
11, 13, 18, 21, 25, 28, 34, 36, 39, 40, 47, 49
3, 10, 11, 18, 28, 38, 47
16, 25, 31, 36, 38, 40, 44, 47, 49
9, 12, 25, 33, 35, 38, 41, 42, 48
11, 14, 27, 30, 36, 39, 40, 41, 43
9, 10, 14, 21, 25, 28, 39, 40
8, 14, 19, 23, 26, 29, 38, 49
11, 26, 29, 43, 47
1, 8, 9, 11, 20, 25, 28, 29, 38, 39, 48, 49
0, 3, 5, 11, 13, 14, 21, 36, 38, 47, 48
6, 8, 16, 17, 31, 34, 35, 36, 39, 40, 43, 47, 48
0, 8, 10, 13, 36, 42, 49
6, 8, 13, 17, 28, 36
0, 3, 9, 24, 26, 35, 36, 40, 48
4, 9, 11, 19, 23, 30, 35, 38, 47
9, 11, 13, 28, 33, 49
8, 16, 19, 26, 32, 38, 47
15, 17, 38, 48
3, 12, 35, 36, 43, 47
3, 6, 8, 9, 18, 20, 33, 35, 38, 48
5, 11, 14, 22, 28, 36, 38, 39, 40, 44, 45, 47, 48
1, 3, 9, 17, 21, 28, 29, 33, 35, 38, 40, 44
7, 9, 17, 19, 23, 36, 40, 42, 43, 48
0, 4, 9, 11, 19, 21, 25, 28, 36, 38, 40, 43, 48
9, 11, 17, 21, 26, 27, 38, 43, 48
1, 13, 29, 36, 38, 42, 48
8, 9, 11, 15, 26, 28, 35, 38, 40, 48, 49
3, 9, 10, 11, 27, 33, 34, 43, 47, 48
3, 5, 8, 10, 18, 21, 28, 34, 38, 39, 41
9, 17, 36, 38, 45, 47, 49
0, 29, 36, 38
3, 9, 11, 33, 36, 39, 40, 48, 49
1, 3, 11, 29, 30, 39, 42
13, 14, 17, 20, 25, 36, 47, 48
5, 6, 8, 28, 29, 35, 38, 43, 47, 48
35, 38, 39, 48
0, 1, 4, 14, 29, 33, 36, 38, 47
3, 7, 10, 11, 15, 18, 28, 33, 35, 36, 38, 43
7, 8, 9, 17, 29, 34
3, 11, 14, 16, 26, 27, 28, 38, 39, 40, 45, 47
6, 9, 11, 14, 17, 24, 28, 36, 38, 40, 47
8, 9, 10, 11, 13, 17, 23, 33, 36, 38, 39, 40, 42, 47
8, 9, 11, 14, 19, 21, 26, 28, 33, 35, 38, 39, 41, 42
3, 8, 11, 14, 35, 36, 38, 46, 49
0, 7, 8, 11, 13, 16, 17, 19, 21, 29, 35, 36, 38, 48
9, 15, 21, 25, 29, 36, 45, 48
3, 5, 7, 8, 11, 14, 19, 21, 24, 28, 36, 38, 47, 49
12, 15, 28, 35, 38, 40, 46, 48, 49
5, 14, 19, 21, 28, 29, 33, 36, 38
9, 20, 29, 34, 38, 44
