34, 42, 69, 125, 140, 171, 179, 206, 213, 237, 259, 283, 291, 350, 353, 371, 379, 400, 403, 437, 443, 446, 485
3, 8, 33, 38, 43, 52, 148, 221, 222, 238, 281, 318, 322, 325, 330, 368, 444, 472, 478, 480, 488
35, 63, 67, 93, 116, 117, 126, 130, 150, 222, 227, 325, 377, 399, 432, 444, 486, 497
49, 85, 140, 147, 148, 152, 171, 183, 209, 300, 318, 347, 367, 402, 423, 432
9, 46, 50, 89, 124, 159, 238, 248, 299, 300, 306, 335, 368, 392, 425, 437, 444, 473
15, 48, 119, 139, 222, 377, 486
23, 41, 46, 67, 104, 121, 128, 150, 212, 245, 259, 274, 277, 299, 385, 416, 425, 432, 453, 481, 482, 490, 493
11, 38, 57, 176, 238, 360
40, 52, 61, 71, 117, 135, 157, 193, 222, 226, 238, 242, 277, 318, 338, 342, 348, 410, 432, 455, 482, 487
87, 132, 176, 293, 318, 366, 415
8, 17, 39, 105, 116, 137, 155, 277, 287, 353, 404, 433, 442, 459
4, 80, 83, 87, 97, 178, 221, 233, 236, 238, 246, 328, 342, 454, 484
21, 100, 143, 147, 192, 221, 298, 354
35, 36, 53, 102, 125, 163, 179, 182, 240, 259, 298, 335, 348, 396, 412, 432, 444, 453, 464, 465, 470, 477
17, 26, 61, 117, 124, 137, 159, 181, 192, 242, 277, 285, 293, 325, 332, 337, 344, 416, 437, 439, 443, 451, 453, 459, 480, 493
36, 87, 95, 124, 125, 127, 154, 170, 227, 246, 277, 278, 344, 368, 418, 472
23, 26, 97, 123, 145, 147, 179, 222, 242, 325, 329, 351, 439, 445, 473, 497
47, 48, 117, 123, 227, 246, 293, 351, 395, 403, 432, 482
29, 63, 69, 85, 101, 144, 160, 172, 178, 201, 216, 221, 289, 331, 335, 346, 405, 416, 480, 481
9, 17, 43, 71, 93, 124, 139, 146, 170, 209, 227, 238, 248, 277, 281, 291, 293, 295, 303, 316, 328, 336, 344, 410, 414, 440, 481, 493
154, 234, 274, 395, 399, 420, 481, 487, 491
52, 71, 138, 140, 160, 240, 246, 247, 274, 296, 303, 405, 421, 441
21, 81, 94, 123, 124, 127, 204, 219, 247, 284, 315, 322, 325, 344, 359, 446, 451, 456
23, 25, 43, 67, 89, 104, 124, 130, 150, 154, 166, 169, 207, 219, 225, 234, 281, 294, 351, 368, 459
160, 172, 179, 205, 213, 283, 306, 338, 388, 415, 442
8, 36, 38, 62, 69, 93, 106, 141, 210, 222, 233, 246, 252, 274, 277, 324, 350, 360, 405, 409, 420, 437
21, 114, 201, 250, 281, 287, 322, 346, 363, 444
106, 123, 155, 171, 179, 209, 231, 247, 283, 288, 314, 400, 403, 410, 414, 420, 444, 457, 490
14, 87, 100, 137, 154, 204, 221, 261, 330, 333, 336, 360, 371, 416, 442, 453, 455, 491, 492
70, 74, 114, 203, 272, 277, 291, 335, 352, 368, 371, 417, 421, 481
83, 87, 107, 127, 130, 180, 210, 221, 238, 259, 300, 318, 395, 404, 416, 437
63, 81, 89, 123, 163, 198, 215, 219, 243, 245, 246, 374, 402, 437, 459, 494
3, 8, 28, 36, 51, 87, 118, 128, 169, 209, 232, 304, 335, 375, 412, 463, 464, 471, 482, 484, 493
0, 40, 45, 62, 63, 69, 87, 120, 137, 142, 145, 260, 281, 289, 316, 323, 385, 399, 405, 429, 456, 488, 494, 499
8, 17, 39, 68, 81, 108, 119, 201, 219, 234, 298, 313, 318, 412, 432, 455, 470
29, 81, 83, 97, 98, 119, 160, 166, 188, 192, 222, 233, 259, 273, 292, 354, 368, 378, 450, 493
68, 136, 137, 142, 146, 160, 214, 266, 360, 368, 463, 472
16, 19, 21, 38, 51, 72, 117, 127, 157, 182, 273, 291, 299, 318, 326, 328, 360, 363, 427, 442, 446, 455, 471
9, 20, 36, 99, 153, 233, 238, 330, 338, 380, 387, 395, 412, 414, 440, 472
48, 73, 81, 83, 85, 148, 152, 163, 170, 192, 222, 233, 259, 268, 289, 314, 325, 328, 347, 375, 403, 412, 419, 439, 442, 467
1, 33, 69, 80, 106, 160, 171, 209, 230, 234, 303, 318, 360, 412, 414, 432, 471, 486
9, 73, 93, 119, 139, 219, 221, 254, 318, 360, 423, 430, 467, 482
59, 77, 104, 132, 216, 217, 237, 299, 335, 403, 405, 415, 486, 497
18, 25, 69, 78, 85, 87, 100, 154, 221, 234, 280, 283, 360, 399, 432, 455, 477
11, 38, 57, 69, 144, 176, 319, 360, 374, 443, 462, 490, 493, 495
8, 9, 21, 26, 81, 103, 112, 241, 259, 267, 303, 318, 359, 387, 389, 396, 406, 420, 487, 497
36, 38, 63, 122, 124, 142, 169, 203, 221, 247, 290, 319, 360, 364, 437, 451, 459, 472, 487
0, 9, 29, 127, 246, 274, 293, 306, 360, 374, 385, 459, 487
11, 48, 50, 85, 86, 87, 98, 132, 150, 159, 222, 258, 274, 281, 286, 318, 325, 353, 439
26, 91, 107, 219, 342, 360, 398, 443
14, 41, 78, 83, 127, 132, 138, 142, 216, 221, 238, 375, 387, 403, 405, 414, 446, 461, 463
74, 85, 93, 108, 123, 142, 187, 202, 222, 313, 374, 377, 403, 405, 422, 446
52, 66, 72, 97, 101, 111, 127, 150, 159, 179, 217, 237, 274, 281, 299, 338, 357, 368, 398, 400, 402, 417, 421
18, 55, 112, 130, 137, 148, 163, 248, 291, 316, 326, 360, 371, 372, 377, 446, 472, 483
8, 48, 63, 112, 120, 139, 300, 325, 340, 368
23, 69, 93, 126, 135, 171, 179, 203, 247, 300, 303, 306, 353, 443, 487, 495
35, 48, 63, 132, 166, 169, 202, 235, 237, 299, 335, 403, 405, 444, 447, 486, 497
116, 471
38, 69, 76, 123, 160, 169, 180, 238, 247, 277, 284, 316, 340, 360, 374, 375, 442
0, 8, 66, 83, 85, 98, 224, 306, 322, 400, 419, 420, 487
148, 246, 283, 307, 387, 418, 443
29, 47, 161, 164, 192, 255, 335, 361, 399, 400, 477, 486
21, 36, 55, 81, 111, 138, 150, 199, 217, 220, 221, 316, 319, 334, 374, 377, 404, 420, 432, 491
36, 72, 89, 105, 342, 360, 420, 432, 443, 477, 482, 491
28, 69, 89, 102, 126, 129, 221, 281, 284, 420
11, 47, 69, 85, 87, 125, 132, 142, 145, 154, 155, 208, 235, 280, 318, 326, 360
36, 47, 77, 109, 118, 132, 133, 183, 259, 353, 364, 400, 442, 464
29, 48, 83, 117, 163, 212, 221, 238, 259, 319
3, 21, 33, 50, 52, 166, 192, 207, 238, 300, 324, 325, 333, 336, 401, 420, 443, 450, 455, 456, 481
13, 28, 39, 48, 107, 108, 130, 170, 246, 286, 291, 302, 326, 336, 338, 343, 375, 377, 420, 444, 446, 449, 455, 480, 492
17, 23, 67, 85, 109, 125, 132, 144, 160, 169, 209, 221, 277, 318, 330, 339, 344, 377, 399, 409, 431, 446, 459
7, 38, 47, 93, 94, 123, 163, 201, 241, 259, 278, 319, 353, 374, 377, 420, 432, 446, 472
101, 322, 395, 403, 432
81, 85, 87, 93, 173, 221, 238, 246, 248, 293, 308, 400, 414, 446, 471, 485, 490, 497
11, 72, 86, 93, 117, 138, 242, 255, 307, 322, 360, 443, 444, 449, 472, 481
17, 36, 47, 71, 87, 90, 168, 192, 221, 238, 240, 247, 300, 329, 337, 347, 412
85, 108, 155, 170, 287, 395
13, 38, 39, 48, 62, 80, 123, 212, 237, 254, 348, 374, 412, 425, 482
36, 42, 62, 123, 202, 221, 360, 399
0, 7, 59, 106, 118, 127, 128, 163, 212, 248, 323, 364, 378, 388, 402, 405, 415, 419, 420, 432, 444, 471, 493
63, 80, 87, 89, 116, 132, 213, 241, 248, 325, 368
17, 38, 39, 87, 89, 167, 241, 377, 387, 412, 437, 497
8, 38, 42, 69, 109, 148, 212, 215, 222, 274, 307, 353, 360, 363, 374, 409, 414, 432, 437, 443, 444, 459
62, 89, 93, 146, 160, 209, 219, 254, 290, 294, 318, 326, 359, 360, 412, 420, 467, 482
38, 81, 93, 155, 171, 416, 431
8, 38, 41, 42, 48, 83, 100, 115, 137, 139, 147, 169, 192, 246, 266, 283, 307, 316, 319, 330, 432, 488
7, 51, 69, 80, 124, 127, 144, 150, 182, 214, 221, 227, 231, 246, 300, 338, 360, 414, 447, 474, 490
11, 35, 36, 43, 49, 132, 237, 242, 261, 374, 442
38, 67, 146, 160, 216, 221, 242, 259, 293, 318, 319, 339, 359, 375, 385, 429, 441, 471, 484
3, 6, 81, 98, 100, 113, 120, 127, 148, 221, 248, 257, 283, 337, 344, 374, 420, 431
48, 55, 71, 143, 209, 210, 216, 293, 326, 337, 433
39, 116, 132, 160, 201, 238, 259, 281, 286, 316, 322, 336, 404, 471, 490
40, 43, 53, 112, 146, 150, 260, 274, 331, 339, 340, 410, 416, 427, 472
19, 72, 83, 127, 154, 261, 299, 325, 330, 371, 400, 403, 421, 439, 442, 499
5, 48, 51, 116, 219, 221, 300, 316, 318, 321, 339, 353, 359, 375, 384, 398, 402, 442, 461, 488, 493
31, 39, 52, 67, 76, 85, 117, 139, 171, 190, 193, 205, 212, 277, 285, 302, 337, 353, 412, 443, 445, 480
8, 23, 66, 83, 108, 160, 224, 229, 293, 306, 322, 360, 362, 368, 403, 441, 481, 487
3, 139, 291, 326, 456, 472
29, 90, 112, 123, 125, 148, 176, 193, 277, 402, 403, 410, 421, 455, 471, 483
38, 63, 80, 123, 127, 154, 160, 207, 238, 250, 310, 354, 360, 375, 446, 497
26, 248, 266, 289, 318, 358, 371, 395, 471
36, 80, 216, 259, 263, 266, 274, 333, 339, 344, 360, 395, 399, 442, 446, 456, 471, 487
11, 36, 243, 245, 246, 316, 400, 403, 419, 432, 455
53, 61, 67, 85, 100, 125, 163, 202, 217, 229, 277, 293, 329, 371, 490
26, 29, 36, 38, 42, 74, 182, 191, 195, 235, 266, 311, 319, 368, 377, 486
24, 38, 94, 112, 116, 202, 274, 309, 335, 352, 374, 387, 456, 491
52, 59, 69, 95, 130, 132, 188, 212, 231, 258, 300, 328, 385
22, 29, 60, 97, 144, 179, 236, 238, 242, 261, 321, 368, 400, 485
25, 78, 100, 169, 197, 219, 227, 334, 350, 368, 418, 439
43, 107, 125, 136, 140, 146, 155, 179, 221, 260, 304, 339, 374, 403, 405
1, 29, 72, 117, 132, 140, 166, 238, 259, 283, 309, 329, 339, 353, 360, 378, 379, 395, 412, 456
11, 31, 39, 63, 116, 132, 144, 183, 238, 263, 274, 286, 368, 395, 444, 490
112, 325, 328, 359, 442, 444, 456, 490
11, 39, 81, 163, 217, 219, 236, 238, 307, 359, 395, 432, 484
41, 111, 116, 188, 248, 346, 372, 480
27, 38, 49, 63, 142, 144, 148, 150, 203, 221, 248, 263, 277, 283, 382, 399, 416, 418, 470, 480, 482
7, 53, 148, 155, 202, 309, 399, 403, 405, 437, 440, 497
35, 44, 51, 127, 159, 246, 281, 289, 316, 410, 438, 441, 443, 461
0, 17, 66, 67, 98, 123, 127, 138, 148, 167, 330, 428, 441, 444, 490, 493
26, 33, 70, 139, 142, 147, 241, 246, 259, 261, 266, 277, 280, 293, 311, 351, 371, 495
38, 51, 93, 95, 100, 201, 247, 266, 300, 303, 326, 394, 399, 410, 469
36, 45, 63, 147, 161, 203, 209, 221, 250, 259, 266, 312, 338, 372, 402, 421, 425, 432, 459, 478
86, 93, 99, 127, 138, 201, 231, 246, 267, 274, 298, 316, 335, 344, 354, 378, 382, 388, 405, 418, 428, 436, 464, 484, 488
11, 13, 25, 40, 67, 79, 150, 227, 293, 325, 395, 420, 456, 464, 485, 486
6, 154, 387, 421, 437, 495
4, 16, 28, 87, 146, 186, 192, 198, 201, 215, 221, 222, 331, 371, 402, 405, 444, 446
11, 116, 132, 135, 179, 192, 216, 246, 272, 338, 344, 368, 371, 377, 388, 453, 460, 493
16, 124, 125, 248, 337, 339, 353, 448, 484
50, 67, 116, 123, 147, 238, 402, 403, 445, 481
28, 47, 150, 360, 439, 451, 456, 487
67, 109, 117, 130, 169, 318, 325, 336, 339, 377, 387, 399, 437, 442, 444, 446, 462, 486, 487
6, 12, 23, 45, 67, 69, 127, 154, 155, 203, 234, 293, 336, 353, 357, 360, 368, 405, 471, 484, 486, 495, 497
21, 59, 60, 67, 112, 119, 125, 127, 145, 193, 209, 222, 227, 338, 439, 442, 471, 472, 486
28, 35, 48, 63, 109, 124, 140, 169, 181, 189, 222, 241, 261, 281, 283, 293, 306, 318, 368, 371, 374, 405, 455, 472, 484
85, 100, 101, 102, 113, 135, 167, 221, 319, 359, 399, 424, 480
28, 34, 69, 207, 333, 353, 360, 404, 416, 420, 451, 471
8, 35, 87, 229, 344, 387
4, 14, 147, 289, 438
11, 69, 81, 100, 105, 131, 132, 163, 190, 193, 205, 216, 281, 293, 325, 360, 405, 432
35, 69, 73, 168, 231, 234, 283, 322, 353, 368, 384, 414, 416, 432, 439, 487
7, 36, 47, 69, 87, 97, 113, 131, 140, 142, 170, 182, 219, 258, 259, 281, 319, 331, 338, 342, 418, 430, 433, 447, 463, 479
5, 63, 205, 215, 246, 260, 300, 322, 326, 395, 402, 416, 432, 456
9, 31, 155, 238, 266, 273, 281, 344, 372, 444, 473
23, 66, 72, 73, 127, 169, 219, 231, 268, 269, 293, 302, 319, 321, 350, 375, 439, 472, 477
69, 76, 169, 240, 247, 284, 360, 374, 439, 442
11, 28, 100, 147, 159, 170, 217, 219, 246, 274, 294, 395, 400, 423
38, 73, 118, 119, 182, 259, 371, 400, 405, 412, 416, 432
5, 31, 33, 39, 59, 62, 69, 89, 133, 142, 265, 270, 274, 335, 352, 402, 453, 492
17, 75, 81, 92, 147, 318, 367, 371, 425, 461, 495
40, 118, 120, 133, 143, 146, 222, 231, 300, 371
28, 81, 99, 109, 117, 144, 239, 284, 297, 405, 414, 455, 464
60, 137, 176, 193, 276, 357, 388, 420
4, 40, 61, 91, 154, 159, 170, 176, 186, 205, 246, 274, 283, 289, 319, 326, 395, 404, 424, 425, 441, 493
63, 67, 81, 145, 210, 387, 446
15, 57, 147, 178, 194, 236, 240, 319, 361, 399, 404, 444
12, 36, 96, 137, 185, 192, 202, 240, 247, 291, 293, 318, 319, 322, 360, 377, 405, 412, 416, 422, 455, 464, 465, 472
7, 38, 42, 69, 119, 172, 192, 198, 199, 331, 335, 372, 446, 486
11, 62, 94, 132, 135, 170, 219, 222, 266, 286, 291, 336, 360, 395, 443, 449
69, 85, 144, 201, 209, 222, 231, 281, 329, 405, 416, 459, 493
3, 11, 26, 63, 66, 104, 116, 117, 126, 127, 132, 163, 214, 222, 230, 280, 316, 318, 333, 334, 336, 395, 402, 419, 444, 451
0, 34, 61, 87, 118, 137, 255, 274, 289, 347, 374, 399, 414, 425, 463, 480, 487
8, 33, 48, 102, 170, 214, 335, 371
9, 51, 93, 100, 160, 201, 221, 222, 227, 238, 247, 248, 266, 300, 303, 394, 414, 440, 446
25, 36, 109, 168, 185, 188, 222, 227, 263, 274, 339, 344, 374, 383, 420, 460, 471
17, 28, 36, 97, 121, 132, 155, 167, 186, 209, 222, 238, 257, 307, 311, 325, 339, 359
63, 67, 74, 90, 155, 190, 201, 231, 266, 289, 328, 347, 404, 405, 472, 491
3, 142, 209, 247, 335, 348, 371, 402, 404, 412, 416
3, 23, 75, 78, 117, 142, 146, 150, 170, 181, 242, 318, 335, 437, 467, 472, 477
63, 66, 79, 107, 127, 132, 139, 188, 209, 221, 222, 268, 302, 340, 416, 444, 455, 460, 480
36, 74, 76, 86, 95, 108, 145, 170, 242, 246, 281, 354, 389, 416, 446, 470
11, 28, 87, 107, 124, 132, 140, 171, 213, 222, 259, 283, 357, 403, 423, 443, 472
57, 61, 69, 107, 126, 187, 204, 213, 289, 306, 362, 371, 414, 482
48, 63, 119, 169, 176, 217, 246, 432
36, 63, 127, 148, 169, 172, 210, 222, 242, 247, 290, 318, 322, 364, 437, 484
63, 67, 78, 101, 160, 169, 170, 185, 203, 219, 222, 274, 286, 318, 320, 325, 338, 372, 400, 404, 409, 439, 487
23, 35, 63, 71, 81, 83, 127, 163, 170, 188, 207, 221, 222, 233, 234, 242, 257, 268, 318, 330, 338, 375, 399, 405, 410, 412, 442, 455, 492
8, 50, 69, 213, 268, 278, 323, 324, 337, 402, 423, 428, 444, 486
27, 29, 40, 147, 150, 234, 246, 274, 281, 326, 397, 427, 449
69, 188, 227, 238, 248, 261, 395
28, 52, 118, 192, 240, 283, 372, 374, 377, 432, 481
26, 81, 181, 243, 282, 387, 391, 402
31, 39, 40, 63, 144, 194, 238, 274, 294, 395, 450, 463
6, 41, 43, 63, 76, 105, 112, 131, 159, 182, 188, 192, 205, 293, 307, 327, 346, 372, 391, 453, 462
20, 146, 163, 216, 238, 242, 282, 330, 360, 405, 416, 446, 482
3, 19, 29, 41, 69, 73, 101, 106, 138, 155, 171, 216, 217, 266, 293, 300, 353, 402, 446, 459, 480
69, 71, 74, 132, 137, 146, 190, 219, 287, 290, 319, 325, 337, 374, 456
3, 14, 47, 120, 139, 147, 179, 190, 217, 221, 285, 333, 364, 480
39, 89, 132, 170, 197, 221, 338, 446
87, 124, 127, 193, 238, 335, 377, 388, 416, 444, 493
106, 139, 150, 205, 283, 295, 320, 402, 451
34, 66, 124, 129, 154, 214, 217, 231, 240, 248, 255, 293, 322, 372, 377, 399, 400, 442, 447, 468, 471
31, 57, 80, 132, 289, 368, 402, 437
60, 67, 73, 81, 146, 193, 238, 242, 261, 421, 464, 488
2, 67, 125, 147, 231, 234, 238, 260, 268, 269, 319, 350, 378, 456, 482
36, 109, 137, 186, 228, 259, 346, 374, 432, 446, 471, 481, 486, 487
0, 112, 144, 235, 265, 334, 360, 363, 405, 437
34, 80, 85, 133, 143, 146, 154, 193, 219, 222, 280, 331, 405, 418, 439, 463
3, 5, 28, 47, 52, 78, 135, 179, 255, 316, 347, 351, 360, 371, 397, 421, 436, 447
63, 112, 123, 219, 222, 274, 281, 300, 303, 342, 402, 444, 487
9, 70, 71, 83, 86, 101, 169, 182, 198, 213, 222, 238, 247, 277, 359, 374, 412, 436, 472, 490, 497
3, 14, 34, 109, 144, 166, 213, 234, 238, 269, 280, 283, 293, 336, 432, 444, 471
47, 148, 222, 283, 289, 336, 374, 405, 426
22, 67, 87, 109, 175, 294, 322, 368, 446, 453, 471, 480, 481, 486, 493
17, 49, 51, 70, 95, 143, 222, 240, 280, 284, 412, 444, 447
43, 63, 123, 282, 283, 289, 300, 395, 397, 419, 446, 464, 472
14, 33, 36, 45, 72, 83, 231, 232, 233, 238, 316, 348, 397, 405, 432, 442, 465, 488, 490
7, 17, 36, 47, 61, 71, 87, 90, 109, 119, 124, 192, 240, 247, 252, 300, 329, 347, 410, 412, 439
40, 43, 48, 78, 127, 179, 201, 234, 273, 274, 281, 286, 289, 292, 294, 297, 360, 389, 395, 459, 483
29, 76, 85, 150, 167, 248, 259, 282, 298, 354, 377, 400, 415, 420, 432, 435, 442, 471, 472
40, 217, 231, 305, 339, 371, 375, 400, 477, 487
35, 114, 116, 124, 127, 142, 160, 187, 257, 281, 313, 325, 339, 377, 403, 405, 409, 422, 446, 472, 484
40, 42, 81, 104, 117, 135, 137, 154, 169, 214, 297, 399, 403, 405, 455, 456
31, 42, 52, 76, 93, 193, 197, 205, 231, 258, 277, 338, 443
3, 28, 33, 62, 123, 151, 176, 192, 213, 219, 221, 234, 259, 285, 300, 318, 335, 337, 404, 412, 416, 482
9, 74, 75, 83, 87, 117, 127, 150, 171, 259, 287, 318, 374, 425, 439, 455, 472
53, 55, 72, 97, 120, 139, 150, 219, 246, 361, 371, 416, 418, 482, 492
36, 119, 127, 130, 132, 139, 155, 176, 203, 266, 281, 291, 300, 301, 308, 364, 372, 380, 395, 402, 425, 442, 456, 457, 482, 492
8, 72, 132, 145, 217, 263, 271, 400, 491
36, 78, 147, 180, 192, 201, 213, 214, 222, 246, 359, 396, 437, 492, 493
11, 69, 83, 86, 124, 139, 142, 145, 154, 155, 235, 238, 350, 360, 371, 444
5, 61, 63, 124, 148, 192, 301, 397
33, 38, 73, 74, 87, 156, 160, 183, 226, 291, 318, 322, 377, 382, 438, 439, 446, 463
12, 79, 95, 160, 334, 416, 418, 465, 487
23, 160, 169, 211, 241, 245, 362, 368, 391, 397, 403, 404, 461
152, 222, 270, 377, 444, 484, 487
95, 123, 143, 222, 240, 444, 447, 464
9, 87, 106, 179, 274, 288, 289, 377, 405, 449, 492
43, 73, 75, 87, 127, 139, 179, 238, 293, 299, 318, 371, 395, 416, 421, 436, 486, 497
63, 73, 117, 146, 160, 201, 216, 221, 238, 247, 417, 419, 473
73, 89, 107, 204, 214, 219, 281, 293, 321, 335, 367, 427
35, 100, 132, 147, 170, 255, 304, 306, 326, 371, 418
8, 23, 36, 62, 74, 126, 142, 168, 192, 203, 222, 246, 282, 289, 318, 395, 397, 399
7, 8, 43, 53, 68, 154, 167, 248, 338, 358, 405, 437, 440, 472
11, 39, 40, 70, 85, 87, 117, 125, 179, 255, 318, 335, 371, 405, 414
3, 11, 95, 123, 140, 171, 222, 259, 335, 403, 439, 443, 463
4, 36, 70, 85, 140, 176, 188, 265, 285, 293, 374, 412, 428, 433, 437, 471, 477
3, 191, 274, 320, 328, 356, 361, 421, 429, 432, 456, 481
14, 28, 40, 48, 117, 132, 137, 146, 161, 202, 249, 283, 293, 308, 319, 353, 387, 400, 416, 441, 446, 480, 490
20, 48, 70, 123, 155, 169, 173, 215, 216, 255, 260, 281, 282, 293, 325, 360, 405, 420, 482, 483
14, 36, 61, 78, 167, 169, 181, 302, 334, 337, 339, 360, 374, 389, 416, 442, 444
28, 39, 110, 132, 147, 159, 187, 207, 217, 235, 238, 284, 318, 319, 328, 333, 353, 404, 405, 416, 437, 451, 471
10, 70, 88, 93, 173, 221, 306, 318, 377, 412, 432, 497
11, 27, 99, 116, 117, 149, 154, 169, 209, 219, 220, 240, 277, 300, 306, 331, 401, 470, 471, 486, 493
3, 9, 28, 86, 90, 99, 123, 132, 138, 293, 378, 388, 418, 436, 439, 464, 473, 484
3, 17, 61, 71, 117, 127, 132, 238, 246, 274, 437, 496
7, 29, 39, 69, 105, 140, 183, 192, 227, 287, 332, 337, 344, 358, 433, 445, 459, 487
3, 17, 107, 127, 149, 169, 209, 213, 272, 316, 369, 490
32, 36, 107, 125, 132, 144, 188, 200, 437, 484, 499
11, 116, 135, 179, 272, 338, 371, 377, 388, 460, 493
5, 9, 23, 74, 188, 241, 246, 288, 347, 368, 371, 375
43, 51, 73, 127, 140, 147, 170, 249, 303, 360, 388, 418, 432, 491, 497
38, 49, 63, 67, 97, 103, 187, 259, 300, 302, 432
21, 69, 90, 136, 145, 179, 203, 212, 224, 443, 446, 487
63, 93, 95, 127, 139, 182, 188, 192, 227, 247, 248, 259, 318, 332, 333, 335, 418, 430, 471, 472, 491
36, 43, 197, 208, 212, 240, 246, 303, 322, 404, 420
28, 35, 47, 48, 53, 102, 103, 119, 124, 127, 147, 150, 160, 209, 219, 313, 353, 359, 398, 471, 492
85, 182, 201, 206, 221, 261, 288, 336, 348, 410
9, 11, 39, 107, 119, 150, 192, 254, 280, 283, 318, 338, 360, 415, 423, 459, 482
70, 72, 170, 213, 274
3, 39, 41, 47, 50, 78, 80, 85, 100, 133, 169, 197, 227, 326, 352, 359, 368
33, 48, 102, 110, 125, 168, 171, 190, 204, 248, 267, 319, 328, 424, 439
73, 78, 87, 100, 123, 127, 132, 183, 192, 234, 259, 281, 347, 420, 439
33, 46, 107, 127, 144, 325, 399, 469, 472
10, 11, 15, 62, 75, 127, 144, 146, 214, 221, 222, 241, 246, 266, 289, 318, 352, 371, 385, 414, 415, 416, 422, 443, 446, 486, 490
29, 40, 53, 69, 74, 101, 112, 146, 148, 198, 209, 306, 404, 410, 436, 471, 492
8, 11, 29, 39, 140, 187, 195, 258, 333, 353, 400, 432, 439, 443, 447, 471
23, 93, 125, 159, 190, 222, 229, 234, 240, 263, 266, 320, 371, 397, 460, 472, 478
71, 87, 190, 248, 289, 318, 359, 371, 493
0, 11, 40, 51, 78, 87, 91, 125, 170, 227, 274, 325, 339, 372, 397, 404, 431, 477, 480
18, 63, 102, 116, 190, 242, 326, 480, 487
51, 57, 62, 63, 104, 213, 219, 221, 227, 229, 274, 316, 374, 401, 437, 443, 486
63, 83, 117, 132, 193, 221, 229, 277, 306, 353, 414, 441
17, 18, 104, 109, 112, 142, 274, 339, 354, 405, 423, 446, 453, 461, 472, 493
18, 139, 222, 339, 362, 402, 419, 440, 480, 490
11, 216, 255, 310, 326
29, 192, 252, 281, 295, 372, 377, 425, 493
8, 36, 137, 230, 237, 258, 274, 357, 371, 395
38, 152, 210, 221, 222, 281, 412, 477, 497
17, 38, 47, 68, 81, 111, 118, 189, 222, 227, 246, 261, 319, 420, 428, 437, 481
80, 104, 247, 289, 318, 344, 399, 417, 480
35, 80, 85, 103, 127, 205, 238, 344, 353, 402, 439, 471, 490
17, 49, 63, 135, 229, 238, 260, 291, 322, 392, 396, 399, 430, 432, 442, 445, 472
4, 52, 61, 69, 71, 92, 118, 190, 191, 209, 318, 336, 381, 403, 438, 439, 451
7, 36, 38, 62, 85, 137, 145, 267, 289, 387, 399
3, 38, 48, 92, 120, 126, 154, 191, 220, 221, 222, 243, 293, 322, 371, 402, 405, 425
8, 36, 40, 125, 147, 163, 209, 282, 289, 300, 336, 397, 420
9, 17, 38, 92, 112, 132, 148, 169, 201, 208, 246, 293, 300, 302, 303, 344, 357, 360, 378, 444, 481
28, 61, 63, 118, 147, 234, 347, 432, 481
11, 38, 68, 109, 139, 150, 227, 273, 274, 289, 293, 347, 399, 432, 492
29, 39, 132, 188, 192, 209, 233, 330, 354, 378, 388, 405, 411, 451, 456, 490, 497
9, 22, 24, 29, 90, 127, 137, 222, 225, 246, 258, 259, 387, 415, 484
11, 39, 47, 69, 78, 107, 123, 171, 192, 231, 258, 277, 280, 283, 330, 338, 399, 416, 423, 456, 471
4, 9, 14, 23, 66, 101, 117, 147, 150, 231, 247, 287, 289, 306, 322, 359, 403, 486
0, 21, 31, 36, 59, 163, 219, 281, 300, 310, 338, 456
26, 45, 59, 67, 78, 100, 111, 127, 137, 179, 242, 267, 293, 294, 319, 322, 366, 374, 420, 459, 471, 472, 480
3, 47, 53, 62, 86, 120, 124, 130, 140, 145, 166, 177, 220, 250, 293, 360, 371
10, 33, 47, 78, 102, 119, 124, 137, 150, 154, 167, 182, 221, 277, 351, 486
7, 36, 83, 124, 139, 169, 186, 188, 191, 202, 208, 230, 374, 399, 412, 416, 442, 446, 449, 460, 480
36, 86, 120, 143, 283, 339, 346, 371, 409, 437
3, 4, 11, 36, 69, 95, 117, 144, 245, 247, 399, 404, 447, 470
0, 73, 128, 132, 147, 150, 209, 217, 222, 316, 446, 450
9, 36, 85, 118, 119, 150, 193, 220, 316, 377, 379, 409, 437, 449, 480
38, 70, 100, 130, 143, 221, 222, 240, 257, 374, 431, 439, 444, 447
29, 40, 66, 74, 123, 146, 283, 336, 337, 381, 421, 423
3, 38, 104, 112, 169, 325, 404, 472
36, 38, 43, 63, 154, 171, 179, 242, 247, 325, 350, 414
9, 21, 29, 39, 48, 49, 62, 87, 89, 132, 136, 142, 188, 280, 338, 367, 374, 397, 399, 405, 423, 437
8, 11, 28, 35, 62, 123, 234, 259, 260, 318, 342, 347, 401, 432, 471
27, 63, 67, 72, 89, 106, 148, 163, 185, 199, 265, 300, 332, 337, 405, 445, 463
29, 60, 118, 121, 129, 179, 280, 344, 412, 438, 465, 480
36, 38, 45, 47, 71, 137, 142, 183, 263, 300, 328, 377, 380, 382, 432, 464
3, 97, 284, 325, 374, 399, 483
83, 139, 316, 319
55, 69, 80, 110, 144, 182, 214, 227, 231, 287, 289, 333, 350, 360, 374, 410, 414, 447, 474
5, 15, 35, 83, 127, 132, 137, 139, 172, 190, 221, 266, 342, 388, 416, 439
36, 47, 57, 71, 137, 142, 143, 170, 263, 322, 326, 377, 380, 432, 446
23, 38, 123, 145, 203, 216, 322, 350, 412
14, 40, 78, 83, 140, 148, 160, 167, 171, 174, 187, 285, 289, 347, 399, 457, 459
8, 28, 132, 146, 150, 166, 182, 266, 299, 405, 418, 478, 480, 488, 490
2, 181, 192, 238, 293, 332, 378, 410, 414, 421, 493
28, 42, 85, 184, 221, 247, 347, 360, 405, 416, 418, 444, 486
87, 292, 319, 330, 416
160, 289
73, 96, 140, 144, 197, 202, 212, 222, 274, 318, 414, 426, 456
3, 11, 38, 47, 85, 109, 173, 209, 221, 281, 283, 405, 442, 453, 461, 464, 481, 486, 492
46, 53, 75, 109, 148, 209, 210, 259, 319, 359
38, 95, 118, 123, 127, 263, 268, 273, 325, 377, 378, 402, 413, 439
47, 194, 293, 371, 405, 432
8, 78, 168, 169, 202, 326, 402, 482, 484
48, 138, 293, 334
100, 137, 154, 160, 168, 238, 292, 438
69, 73, 231, 234, 353, 414, 432, 439
39, 70, 74, 94, 114, 125, 137, 140, 169, 176, 221, 248, 263, 272, 274, 281, 291, 293, 335, 336, 371, 421, 438, 446, 481
12, 17, 30, 49, 116, 127, 142, 147, 151, 159, 209, 214, 289, 300, 316, 328, 387
154, 372, 400, 447, 471
3, 14, 40, 63, 87, 117, 159, 207, 281, 322, 353, 399, 428, 446, 485
9, 13, 36, 63, 71, 73, 124, 132, 178, 188, 221, 230, 283, 330, 339, 416, 463, 471
52, 60, 63, 118, 176, 227, 273, 276, 328, 357, 366, 371
116, 139, 291, 300, 340, 353, 368, 400, 403, 480
62, 103, 121, 191, 281, 432, 436, 443
35, 48, 63, 169, 202, 235, 374, 447
7, 21, 23, 49, 100, 128, 147, 168, 182, 184, 188, 201, 219, 224, 238, 240, 274, 338, 353, 403, 430, 471, 493
21, 38, 87, 170, 246, 326, 402, 422, 436, 497
14, 36, 66, 132, 331, 344, 358, 360, 376, 410, 449, 472, 473
6, 17, 26, 40, 87, 99, 216, 377, 385, 398, 419, 430, 437
17, 204, 316, 360, 377, 405, 412, 414, 422, 444, 451, 471
8, 28, 52, 80, 86, 106, 109, 139, 170, 238, 277, 319, 339, 350, 371, 387, 399, 445
11, 52, 63, 88, 92, 119, 135, 137, 221, 242, 322, 335, 354, 358, 368, 412, 419, 443, 452, 456, 460, 481
63, 109, 255, 293, 319, 374, 444
6, 117, 150, 238, 274, 284, 402, 405, 487
17, 107, 117, 149, 181, 204, 217, 222, 281, 299, 348, 414, 416, 421, 437, 461, 480, 492
21, 39, 43, 123, 127, 159, 161, 179, 183, 222, 245, 281, 335, 338, 348, 359, 374, 395, 437, 453
9, 51, 80, 85, 86, 118, 125, 132, 167, 190, 236, 293, 298, 318, 319, 360, 368, 382, 397, 417, 422, 432, 459, 460, 483
29, 38, 143, 148, 160, 188, 246, 247, 283, 318, 387, 446
8, 18, 67, 94, 106, 116, 170, 201, 227, 246, 248, 359, 367, 403, 424, 438, 443, 447
6, 17, 24, 41, 83, 127, 135, 144, 193, 227, 229, 263, 281, 354, 361, 376, 436, 446, 471, 472, 484, 490
36, 66, 86, 106, 124, 125, 140, 155, 168, 222, 242, 282, 289, 300, 308, 395, 397, 402, 405, 442, 472, 492
8, 14, 38, 66, 100, 116, 222, 293, 325, 398, 432, 446
89, 132, 298, 302, 339, 359, 379, 412, 420, 437, 455, 456
2, 28, 36, 70, 121, 140, 172, 240, 246, 283, 294, 306, 377, 414, 456
10, 54, 74, 106, 127, 163, 192, 240, 246, 252, 283, 399, 417, 422, 423, 448, 459, 463
38, 39, 42, 47, 50, 78, 139, 144, 155, 201, 259, 289, 306, 318, 350, 375, 404, 443, 467
38, 66, 132, 160, 203, 205, 213, 283, 300, 338, 353, 359, 360
22, 63, 112, 222, 277, 290, 291, 300, 307, 325
40, 62, 81, 246, 374, 439, 442
15, 17, 66, 67, 100, 148, 167, 172, 282, 289, 330, 395, 397, 444, 472
5, 16, 86, 117, 119, 127, 140, 185, 215, 221, 229, 238, 266, 271, 281, 314, 322, 444, 451
87, 233, 286, 291, 322, 347, 348, 395, 436
40, 54, 140, 159, 216, 247, 281, 307, 322, 333, 428, 453, 485
22, 29, 55, 63, 104, 148, 222, 290, 291, 298, 300, 307, 338, 399, 483
3, 7, 28, 87, 170, 259, 297, 300
40, 87, 179, 199, 209, 246, 254, 320, 330, 368, 371
38, 62, 109, 203, 230, 242, 255, 377, 409, 472, 490
9, 38, 46, 52, 68, 86, 124, 132, 146, 179, 212, 238, 333, 484
38, 102, 106, 119, 139, 142, 147, 150, 242, 295, 316, 356, 360, 368, 402, 421, 442, 451, 456, 463, 485
33, 48, 67, 124, 140, 274, 336, 360, 374, 437, 440, 461, 486
35, 36, 55, 67, 89, 107, 116, 127, 182, 195, 198, 237, 240, 274, 335, 337, 338, 387, 405, 409, 444, 448, 471
185, 218, 219, 226, 327, 416, 436, 471
38, 51, 53, 63, 114, 127, 300, 359, 399, 402, 429
3, 66, 104, 126, 280, 316, 451, 494
100, 117, 125, 150, 169, 235, 377, 403, 493
5, 38, 62, 69, 79, 86, 108, 119, 139, 140, 246, 274, 284, 306, 354, 371, 423, 431, 432, 438, 443, 455
57, 62, 73, 81, 142, 150, 154, 159, 188, 300, 326, 342, 377, 395, 405, 438, 450, 463, 494
21, 39, 55, 120, 127, 259, 260, 269, 294, 371, 425, 442
80, 104, 247, 289, 318, 344, 399, 417, 480
57, 69, 142, 160, 213, 221, 222, 238, 260, 289, 299, 306, 316, 318, 362, 414, 482
11, 38, 127, 154, 159, 164, 182, 248, 395, 399
26, 85, 145, 147, 148, 163, 222, 248, 259, 263, 328, 329, 330, 419, 443, 445, 485, 493
9, 36, 89, 99, 127, 130, 132, 247, 312, 318, 353, 373, 397, 399, 430, 443
7, 30, 73, 86, 139, 157, 171, 300, 335, 387, 449
10, 14, 38, 59, 77, 81, 123, 219, 223, 318, 325, 332, 338, 385, 405, 419, 437, 466, 471, 481, 493
17, 21, 28, 41, 139, 157, 281, 291, 322, 375, 409, 410, 425, 440, 446, 481, 483
20, 21, 38, 39, 68, 69, 85, 87, 117, 144, 170, 209, 222, 246, 281, 326, 329, 402, 422, 436, 459, 493, 497
9, 91, 229, 237, 246, 368, 416, 436, 444, 484, 488
36, 38, 57, 59, 67, 118, 316, 387, 416, 481, 486
100, 107, 185, 217, 222, 241, 259, 287, 375, 400, 405, 415, 418, 425, 435, 456, 487
54, 55, 60, 123, 140, 183, 216, 247, 307, 322, 333, 344, 442, 453, 455, 480
26, 62, 69, 109, 116, 123, 137, 139, 243, 266, 303, 304, 348, 412, 419, 437, 481, 483
39, 48, 171, 248, 335, 382, 396, 399, 409, 448, 488
9, 13, 29, 35, 38, 76, 98, 217, 233, 246, 283, 346, 360, 378, 399, 404, 437, 453
7, 83, 127, 137, 169, 219, 238, 259, 379, 387, 437, 439
11, 42, 106, 119, 139, 150, 169, 172, 204, 222, 295, 335, 368, 372, 387, 400, 402, 423, 429, 437, 451, 456
11, 22, 47, 169, 209, 213, 238, 265, 270, 274, 291, 329, 384, 402, 416, 453, 477, 490
0, 36, 40, 86, 87, 93, 116, 124, 125, 127, 154, 170, 274, 278, 281, 344, 346, 368, 376, 402, 404
5, 9, 132, 215, 231, 238, 325, 329, 365, 438, 472, 473
49, 80, 118, 132, 140, 179, 203, 219, 222, 259, 281, 318, 405, 437, 439, 487
33, 100, 122, 124, 127, 142, 155, 169, 188, 203, 209, 221, 289, 319, 388, 459, 471, 487
69, 168, 186, 188, 221, 247, 289, 293, 298, 300, 318, 368, 416, 456, 470
29, 120, 124, 125, 127, 132, 138, 163, 182, 209, 238, 259, 326, 400, 403, 415, 432, 435, 439, 456, 482
21, 99, 106, 117, 144, 147, 181, 231, 245, 284, 300, 310, 350, 483
3, 11, 43, 69, 171, 259, 274, 300, 402, 410, 444, 446, 459, 487
28, 54, 60, 69, 118, 139, 154, 311, 326, 425, 472, 495
7, 17, 27, 38, 86, 121, 124, 127, 130, 140, 160, 197, 203, 213, 283, 322, 353, 359, 374
7, 21, 23, 61, 67, 170, 182, 184, 224, 240, 246, 255, 266, 281, 338, 353, 374, 395, 493
11, 41, 53, 66, 81, 116, 131, 145, 318, 364, 380, 402, 430, 490
7, 49, 61, 150, 169, 216, 217, 257, 432, 459, 472, 492
29, 47, 71, 89, 114, 117, 138, 222, 329, 336, 353, 412, 418, 456, 471
5, 23, 31, 35, 42, 51, 63, 68, 116, 118, 119, 133, 234, 258, 338, 359, 368, 395, 419, 420, 421, 423, 442
87, 89, 105, 147, 188, 217, 222, 238, 286, 293, 300, 325, 326, 410, 424, 437, 442, 480, 487
14, 23, 101, 118, 148, 247, 285, 348, 374, 399, 403, 404, 456
14, 29, 57, 107, 122, 124, 127, 142, 167, 169, 188, 203, 248, 300, 366, 418, 439, 459, 472, 480, 484, 486, 487
31, 73, 90, 147, 170, 192, 222, 233, 247, 277, 322, 371, 409, 435, 490, 495
3, 17, 36, 47, 63, 85, 88, 108, 120, 127, 132, 192, 219, 221, 222, 241, 246, 263, 291, 304, 336, 368, 371, 374, 441, 445, 478, 486
11, 99, 117, 169, 220, 300, 471
29, 35, 39, 97, 132, 145, 149, 169, 171, 291, 299, 335, 347, 371, 382, 409, 425, 432, 448, 484, 488
33, 39, 48, 63, 86, 117, 119, 138, 161, 185, 212, 213, 299, 320, 368, 378, 383, 490
69, 78, 80, 81, 87, 171, 183, 192, 214, 222, 231, 246, 248, 359, 396, 437, 493
28, 40, 43, 63, 118, 123, 128, 129, 148, 169, 186, 188, 233, 246, 259, 283, 318, 321, 374, 383, 412, 419, 446, 464, 484
10, 42, 47, 50, 86, 139, 150, 192, 259, 283, 286, 306, 350, 371, 388, 443, 444, 471, 472, 490
11, 18, 38, 166, 236, 247, 352, 357, 374, 377, 387, 397, 399, 438, 439, 447, 487
19, 26, 28, 29, 33, 36, 63, 74, 89, 95, 97, 125, 169, 174, 182, 240, 266, 274, 330, 348, 353, 439, 446, 484, 486
81, 85, 106, 120, 170, 182, 188, 273, 289, 322, 359, 377, 448, 473
34, 47, 85, 86, 166, 182, 219, 285, 309, 374, 405, 412, 420, 428, 459, 471
89, 105, 123, 188, 219, 325, 326, 353, 385, 410, 437, 448, 480
39, 132, 237, 274, 299, 300, 314, 335, 347, 364, 403, 405, 438, 444, 486, 497
36, 42, 69, 125, 135, 150, 159, 169, 171, 238, 266, 281, 371
52, 56, 128, 217, 328, 339
8, 17, 19, 23, 51, 68, 87, 127, 139, 170, 185, 188, 222, 247, 248, 283, 300, 313, 330, 340, 346, 368, 444, 445
11, 40, 63, 89, 97, 98, 101, 132, 148, 150, 191, 209, 233, 234, 266, 274, 277, 293, 329, 374, 403, 444, 490
38, 40, 81, 85, 109, 118, 132, 154, 216, 336, 368, 439, 471, 472
89, 100, 167, 192, 221, 222, 291, 330, 430, 449, 471
42, 50, 67, 73, 142, 150, 231, 248, 258, 263, 281, 293, 299, 318, 339, 354, 377, 405, 443, 446
42, 48, 127, 169, 188, 201, 227, 246, 281, 319, 339, 403, 439, 443
83, 124, 159, 176, 342, 360
21, 74, 78, 140, 188, 233, 325, 372, 444, 472, 488, 491, 497
19, 53, 75, 106, 129, 209, 210, 385, 442, 444, 487
5, 59, 101, 114, 137, 191, 333, 343, 483, 486, 493, 495
3, 38, 104, 112, 132, 136, 169, 180, 246, 325, 400, 404, 423, 460, 472
8, 28, 69, 109, 148, 284, 300, 368, 382, 397, 439, 456
0, 28, 152, 170, 247, 281, 283, 335, 442, 456, 474, 490, 497
6, 29, 117, 123, 221, 280, 281, 339, 357, 405
38, 67, 93, 146, 172, 182, 221, 246, 247, 273, 303, 360, 372, 446, 451, 472
11, 21, 50, 63, 69, 79, 113, 114, 127, 133, 173, 221, 254, 281, 319, 346, 347, 395, 444, 446
13, 39, 42, 67, 89, 125, 132, 152, 170, 197, 209, 221, 227, 247, 277, 318, 338, 377, 442, 446, 455, 471, 486, 493
5, 33, 40, 73, 234, 238, 248, 277, 347, 371, 374, 412, 472
104, 140, 142, 146, 182, 337, 382, 482, 496
11, 52, 63, 132, 179, 203, 242, 281, 358, 412, 487
17, 92, 147, 318, 367, 371, 461, 495
6, 29, 38, 52, 62, 68, 74, 78, 90, 101, 119, 132, 146, 148, 169, 198, 209, 306, 334, 347, 387, 436, 471, 497
29, 38, 81, 118, 119, 259, 293, 432, 444, 456, 490
30, 62, 154, 169, 330, 410, 442
17, 48, 90, 94, 116, 120, 127, 154, 188, 191, 207, 236, 243, 293, 322, 339, 346, 405
62, 80, 95, 123, 142, 153, 162, 170, 171, 222, 284, 289, 331, 360, 388, 424, 439, 444, 456, 486, 493
11, 14, 29, 43, 61, 192, 205, 293, 373, 403, 412, 425, 439, 490
48, 63, 86, 132, 136, 149, 150, 175, 189, 220, 248, 258, 286, 289, 316, 319, 414, 417, 441, 464, 477
52, 78, 83, 90, 167, 169, 179, 212, 214, 240, 287, 322, 403, 428, 490, 497
29, 36, 38, 100, 117, 125, 150, 154, 169, 216, 235, 248, 284, 371, 372, 377, 403, 409, 487, 493
12, 41, 83, 87, 95, 137, 171, 172, 247, 295, 311, 400, 410, 414, 418, 437, 463, 465, 487, 490
36, 52, 87, 137, 169, 179, 192, 307, 318, 330, 348, 403, 471
38, 51, 130, 132, 226, 237, 299, 319, 335, 360, 363, 403, 405, 425, 486, 497
17, 38, 98, 124, 135, 146, 148, 209, 226, 294, 324, 335, 400, 443, 445, 449, 491
5, 11, 41, 83, 89, 106, 168, 169, 171, 201, 224, 283, 361, 422, 443, 446, 459, 472
10, 43, 240, 247, 416, 420
36, 66, 123, 169, 189, 215, 221, 222, 229, 233, 295, 336, 378, 471
29, 129, 159, 215, 230, 318, 328, 413, 463, 471
1, 10, 112, 118, 142, 238, 248, 293, 335, 364, 374, 378, 388, 444, 471, 485, 487, 493
12, 35, 36, 55, 89, 116, 195, 198, 387, 444, 495
176, 259, 287, 318, 374, 375, 377, 432, 447, 472
14, 25, 38, 87, 97, 132, 219, 278, 317, 335, 374, 377, 381, 392, 414, 431, 449, 471
3, 24, 70, 90, 98, 135, 146, 148, 222, 225, 281, 293, 294, 387
19, 63, 66, 78, 79, 129, 203, 261, 360, 385, 442, 471
29, 101, 137, 170, 217, 219, 221, 328, 353, 360, 372, 405, 416, 497
9, 21, 119, 138, 151, 152, 170, 183, 202, 254, 259, 281, 314, 318, 329, 336, 360, 396, 399, 422, 423, 472, 482
108, 124, 146, 152, 371, 421, 481, 493
11, 13, 17, 40, 67, 142, 150, 217, 360, 374, 403, 416, 432, 461
36, 78, 127, 153, 154, 163, 212, 235, 248, 319, 402, 415, 419, 423, 432, 444
5, 38, 80, 87, 93, 147, 150, 154, 214, 215, 234, 263, 266, 325, 430, 456, 485
23, 26, 29, 48, 59, 66, 93, 95, 101, 106, 127, 128, 132, 180, 188, 213, 222, 246, 248, 293, 432, 472
109, 119, 124, 187, 210, 247, 252, 325, 418, 482
4, 9, 14, 89, 127, 155, 166, 201, 229, 268, 307, 309, 340, 368, 371, 387, 418, 419, 424, 471
2, 18, 21, 36, 61, 121, 147, 243, 306, 377, 414, 447, 451, 456, 459
21, 65, 100, 123, 124, 145, 155, 283, 366, 368, 390, 425, 442, 444
14, 38, 85, 94, 124, 188, 234, 240, 258, 261, 283, 306, 319, 346, 368, 389, 444, 456, 461, 486
25, 29, 72, 117, 127, 137, 155, 175, 246, 299, 318, 325, 371, 442, 444
36, 63, 78, 85, 108, 167, 242, 246, 260, 300, 322, 327, 330, 339, 347, 360, 374, 412, 432
7, 39, 51, 98, 111, 116, 124, 137, 150, 188, 221, 248, 274, 300, 338, 362, 446, 480, 482
132, 154, 178, 217, 231, 266, 338, 360, 375, 418, 424, 482
36, 52, 219, 221, 248, 309, 335, 353, 374, 395, 412
13, 38, 76, 138, 176, 217, 221, 235, 246, 259, 261, 311, 348, 380, 382, 400, 402, 414, 416, 422, 444, 471
85, 147, 166, 198, 241, 243, 261, 353, 368, 374, 398, 432, 463
9, 39, 71, 73, 80, 127, 154, 214, 221, 227, 234, 247, 267, 281, 306, 402, 404, 444, 484, 486
20, 36, 40, 80, 191, 205, 289, 304, 360, 371, 424, 425, 442
11, 81, 112, 300, 318, 344, 395, 480, 484
33, 43, 67, 132, 154, 289, 376, 403, 410, 412, 416, 480
8, 38, 42, 48, 52, 63, 93, 123, 142, 147, 150, 168, 185, 192, 214, 319, 395, 441, 488
42, 49, 55, 61, 107, 117, 170, 179, 221, 266, 304, 333, 360, 371, 400, 405, 423, 485
24, 25, 33, 36, 47, 62, 118, 127, 140, 170, 186, 213, 238, 259, 282, 293, 299, 307, 318, 329, 332, 377, 404, 443, 456
63, 69, 72, 80, 81, 119, 144, 182, 201, 214, 227, 231, 280, 337, 347, 360, 364, 414, 436, 447, 474, 487
19, 52, 61, 83, 87, 154, 197, 221, 274, 331, 337, 400, 412, 420, 444, 448, 459, 473
3, 197, 293, 318, 331, 444, 490
7, 48, 100, 116, 128, 132, 190, 209, 274, 293, 300, 336, 359, 368, 375, 384, 399, 442, 493
63, 68, 137, 160, 266, 360, 368, 463
45, 72, 80, 183, 259, 281, 283, 289
9, 15, 83, 86, 137, 138, 146, 155, 190, 201, 212, 214, 231, 232, 254, 313, 318, 360, 388, 473
14, 50, 87, 93, 221, 299, 325, 330, 398, 464
9, 47, 119, 212, 238, 258, 291, 325, 459
14, 48, 59, 181, 217, 274, 289, 293, 300, 336, 359, 371, 375, 384, 442, 478, 481, 490, 493
3, 66, 104, 126, 222, 280, 316, 451
8, 11, 30, 40, 62, 154, 169, 221, 280, 311, 324, 326, 330, 333, 354, 410, 437, 442, 445, 483
6, 25, 36, 80, 85, 109, 155, 169, 208, 238, 314, 319, 364, 395, 401, 420, 422, 444, 471
12, 104, 140, 142, 146, 182, 217, 293, 337, 382, 399, 405, 446, 472, 482, 490, 497
17, 48, 62, 160, 169, 175, 227, 234, 259, 336, 347, 387, 395, 413, 472, 486, 490
28, 83, 85, 132, 142, 188, 219, 246, 259, 303, 314, 356, 424, 460, 497
183, 274, 285, 350, 360, 368, 372, 410, 432, 444, 471
15, 107, 112, 119, 125, 139, 201, 221, 283, 377, 480, 486
21, 36, 86, 140, 155, 169, 188, 261, 293, 344, 400, 409, 441, 451, 453, 478
24, 73, 85, 106, 197, 222, 273, 368, 482
147, 188, 211, 300, 410, 442, 446, 462
35, 43, 69, 89, 108, 117, 154, 368, 477, 493
26, 145, 147, 176, 222, 242, 247, 259, 325, 329, 330, 359, 377, 419, 420, 445, 481, 485
150, 377, 379, 480
14, 35, 143, 159, 168, 238, 278, 283, 286, 320, 322, 368, 384, 416, 423, 487
7, 26, 40, 47, 51, 60, 61, 69, 85, 87, 107, 131, 147, 148, 192, 222, 258, 281, 353, 399, 479, 480
4, 8, 21, 85, 87, 147, 150, 267, 271, 341, 377, 444
85, 124, 137, 159, 238, 242, 300, 314, 325, 347, 360, 412, 454, 493
6, 48, 55, 60, 61, 70, 83, 95, 96, 120, 143, 147, 160, 190, 201, 222, 240, 263, 322, 324, 368, 389, 444, 463, 477
73, 93, 104, 116, 131, 150, 155, 193, 203, 277, 328, 402, 404, 444, 490
0, 72, 83, 86, 117, 137, 143, 171, 281, 317, 330, 360, 446
60, 119, 145, 193, 486
59, 72, 137, 247, 358, 402, 416, 490
25, 87, 335, 392, 431, 471
47, 70, 87, 116, 137, 191, 214, 221, 224, 247, 259, 289, 292, 303, 318, 354, 477
14, 33, 36, 72, 233, 387, 395, 451, 465, 477
22, 48, 61, 152, 161, 222, 238, 240, 283, 286, 326, 353, 414, 432, 442, 459
40, 208, 243, 289, 367, 412, 420
14, 38, 79, 87, 144, 160, 217, 219, 291, 302, 326, 346, 399, 467, 471
8, 28, 61, 93, 116, 154, 208, 412, 496
17, 41, 83, 135, 144, 263, 281, 361, 446, 484, 490
27, 38, 69, 73, 107, 123, 219, 259, 361, 422, 480, 495
6, 7, 35, 147, 167, 169, 190, 193, 222, 265, 283, 289, 293, 325, 360, 364, 375, 430, 432, 444, 478, 482, 486
12, 217, 293, 399, 405, 446, 497
9, 39, 47, 50, 97, 112, 154, 159, 212, 231, 246, 371, 414
17, 36, 61, 89, 97, 117, 148, 191, 222, 301, 302, 318, 374, 432, 436, 444, 472
48, 60, 112, 117, 143, 149, 150, 154, 204, 247, 258, 274, 281, 300, 377, 388, 420, 432, 455, 497
2, 36, 121, 132, 222, 300, 306, 414, 441, 456
63, 71, 120, 289, 354, 423, 430, 482
26, 35, 36, 38, 69, 114, 160, 238, 257, 291, 412, 420, 431, 472
36, 69, 101, 109, 150, 160, 286, 318, 325, 374, 377, 379, 404, 461, 480, 487, 490
169, 293, 364, 375, 430, 432, 478, 482
10, 109, 117, 144, 152, 240, 277, 282, 293, 326, 374, 448
8, 12, 19, 36, 75, 173, 182, 233, 248, 289, 312, 346, 413, 420, 422, 430, 472, 491
25, 116, 117, 137, 166, 227, 283, 303, 319, 368, 374, 456, 464, 472, 485
85, 117, 126, 205, 222, 227, 324, 430, 486
28, 185, 220, 229, 303, 377, 403, 420, 430, 434
24, 39, 93, 108, 204, 221, 330, 385, 398, 403, 442, 466, 480
85, 193, 204, 219, 322, 337
7, 62, 63, 89, 117, 201, 260, 280, 338, 340
35, 50, 85, 87, 108, 145, 146, 184, 192, 193, 221, 259, 307, 366, 412, 432, 455, 482, 494
27, 78, 106, 144, 188, 246, 279, 325, 326, 399, 404, 427, 473
48, 70, 129, 138, 169, 215, 248, 300, 318, 325, 377, 483
11, 43, 127, 163, 182, 192, 214, 219, 299, 353, 398, 409, 486
21, 41, 167, 210, 221, 241, 316, 325, 350, 357, 416, 446, 491
14, 66, 76, 166, 192, 198, 247, 326, 446, 471
4, 23, 28, 176, 247, 326, 404, 412, 441
83, 119, 142, 154, 166, 222, 248, 273, 311, 414, 428, 444, 471
35, 43, 143, 159, 168, 266, 283, 322, 336, 368, 374, 384, 416, 443, 487
0, 11, 17, 34, 47, 69, 86, 166, 182, 212, 216, 219, 221, 246, 295, 309, 318, 331, 368, 405, 420, 459
36, 38, 123, 127, 130, 132, 221, 247, 277, 353, 374, 397, 405, 460, 464, 481
0, 57, 62, 91, 104, 127, 170, 217, 219, 221, 222, 241, 246, 274, 281, 299, 374, 486, 490
69, 89, 155, 160, 163, 171, 209, 214, 246, 248, 309, 350, 397, 423, 444, 456, 471, 493, 496
26, 38, 63, 68, 69, 71, 72, 109, 150, 171, 235, 281, 300, 319, 333, 352, 354, 463, 497
43, 100, 137, 140, 146, 147, 154, 160, 168, 222, 238, 263, 292, 338, 360, 438, 471
8, 63, 97, 125, 142, 372, 399, 402, 432, 481
40, 63, 132, 188, 293, 318, 319, 321, 399, 420
17, 90, 116, 127, 142, 144, 188, 207, 219, 234, 236, 238, 259, 336, 444
0, 5, 17, 21, 39, 43, 69, 109, 170, 189, 191, 219, 229, 230, 293, 341, 344, 463
8, 21, 36, 38, 51, 63, 72, 85, 125, 147, 159, 163, 169, 209, 213, 214, 273, 291, 360, 363, 416, 420, 471, 478, 490
25, 36, 68, 132, 146, 298, 306, 312, 404, 418, 444, 480, 496
17, 21, 42, 62, 63, 137, 148, 182, 197, 238, 306, 403, 405, 420, 442, 471
125, 150, 212, 214, 281, 399, 414, 451, 473
39, 111, 120, 150, 160, 169, 191, 197, 267, 318, 329, 397, 414, 416
25, 38, 87, 93, 102, 103, 127, 128, 146, 212, 293, 348, 360, 375, 439, 449, 453, 481, 487
118, 127, 139, 167, 247, 319, 360, 484
108, 116, 140, 147, 188, 217, 231, 316, 318, 358, 405
14, 33, 94, 132, 167, 191, 238, 261, 278, 298, 300, 332, 336, 350, 360, 363, 420, 463, 472, 484
0, 8, 17, 63, 78, 112, 118, 133, 155, 160, 221, 266, 283, 293, 319, 378, 419, 456, 463, 495
0, 3, 26, 38, 132, 137, 147, 150, 222, 303, 306, 316, 322, 330, 371, 461, 495
3, 8, 29, 35, 123, 127, 144, 243, 248, 316, 319, 336, 347, 371, 400
80, 114, 117, 127, 171, 203, 230, 303, 318, 360, 400, 401, 432, 477, 486
3, 29, 163, 179, 209, 221, 228, 300, 317, 319, 377, 419, 457, 480, 485, 493
15, 258, 274, 344, 388, 459
21, 52, 69, 139, 144, 155, 227, 236, 263, 273, 283, 319, 374, 377, 399, 420, 422, 443, 462, 472, 490, 492, 493
16, 33, 67, 127, 281, 307, 339, 353, 416, 418, 448, 484
35, 36, 42, 55, 87, 89, 100, 116, 124, 182, 195, 198, 234, 328, 387, 400, 437, 444
109, 112, 159, 182, 222, 227, 293, 318, 451, 481, 485, 491
9, 66, 69, 91, 100, 128, 147, 150, 164, 188, 201, 207, 219, 240, 246, 266, 274, 291, 321, 375, 416, 471
8, 40, 119, 123, 127, 215, 260, 281, 283, 300, 318, 338, 371, 439, 471, 472, 480, 487
28, 48, 61, 69, 72, 127, 171, 174, 190, 204, 221, 248, 266, 277, 330, 335, 439, 481
9, 38, 40, 50, 69, 83, 117, 153, 180, 201, 281, 293, 300, 307, 339, 346, 374, 409, 419, 471, 472, 480
63, 67, 81, 87, 145, 176, 192, 210, 233, 246, 286, 322, 337, 348, 374, 395, 436, 446
28, 41, 60, 63, 67, 83, 116, 145, 150, 157, 246, 260, 293, 311, 322, 334, 379, 409, 425, 432
19, 29, 80, 112, 210, 221, 359, 368, 397, 416, 444, 448, 456
108, 118, 127, 142, 144, 209, 216, 246, 360, 374, 397, 403, 444, 446, 447, 481
260, 354, 374
116, 138, 274, 325, 330, 374
14, 18, 19, 36, 55, 70, 72, 132, 163, 263, 322, 339, 344, 347, 380, 456, 471, 482, 493
5, 25, 52, 81, 83, 97, 101, 132, 135, 148, 154, 233, 255, 283, 320, 322, 325, 395, 403, 432, 456, 471, 493
10, 11, 147, 150, 170, 188, 205, 217, 261, 306, 360, 371, 477
14, 33, 67, 80, 95, 127, 167, 181, 217, 274, 289, 293, 335, 371, 490
57, 143, 144, 170, 322, 326, 332, 337, 432, 445, 446
17, 38, 124, 139, 217, 281, 360, 374, 403, 423, 432, 461
10, 11, 40, 87, 132, 176, 192, 194, 221, 246, 491
9, 40, 42, 47, 66, 73, 86, 112, 116, 132, 143, 150, 197, 229, 246, 300, 314, 330, 418, 440, 443, 456, 469, 490
67, 87, 104, 154, 182, 222, 331, 336, 368
0, 20, 36, 45, 106, 136, 137, 139, 150, 152, 169, 227, 295, 402, 451, 493
3, 5, 17, 26, 52, 135, 142, 148, 255, 283, 348, 399, 404, 447
3, 29, 74, 101, 123, 146, 148, 150, 181, 198, 209, 267, 306, 344, 346, 436, 439, 442, 471
3, 31, 38, 73, 93, 123, 168, 188, 201, 248, 267, 281, 300, 306, 332, 338, 359, 371, 397, 439, 441, 442, 444, 456
33, 48, 63, 90, 93, 105, 178, 215, 400, 403, 409
81, 97, 120, 182, 374, 375, 416, 490
18, 38, 48, 74, 92, 104, 110, 241, 255, 315, 350, 442, 445
28, 109, 118, 216, 221, 222, 405
4, 11, 35, 42, 48, 63, 87, 92, 131, 136, 147, 190, 221, 222, 360, 443, 447, 459, 483, 490
11, 13, 42, 111, 150, 152, 217, 220, 247, 277, 318, 334, 377, 404, 442, 455, 491, 493
139, 212, 271, 374, 375, 377, 385, 402, 412, 416, 444, 482
5, 13, 63, 78, 79, 127, 163, 210, 216, 219, 266, 395, 446, 456, 480
8, 28, 36, 89, 101, 117, 142, 146, 215, 227, 259, 300, 306, 359, 382, 423, 431, 465, 473, 481
35, 39, 62, 63, 340, 395, 405, 420, 481
32, 35, 108, 132, 146, 213, 265, 313, 374, 387, 390, 429, 471, 481
3, 14, 43, 87, 159, 175, 217, 243, 277, 326, 414, 416, 432, 439, 472
39, 52, 53, 62, 147, 148, 163, 246, 261, 283, 359, 368, 374, 432, 442, 463, 482
29, 47, 71, 78, 118, 127, 190, 201, 214, 221, 246, 253, 258, 304, 368, 397, 400, 491
8, 9, 31, 59, 163, 219, 300, 310, 338
191, 221, 229, 246, 273, 364
17, 19, 68, 99, 106, 139, 142, 153, 159, 167, 171, 199, 204, 252, 300, 354, 371, 378, 419, 451, 490
87, 123, 127, 142, 159, 188, 219, 259, 402, 444, 487
69, 78, 105, 127, 132, 159, 171, 173, 188, 217, 238, 284, 293, 318, 367, 373, 447, 490
15, 17, 87, 106, 119, 132, 137, 190, 266, 354, 388
14, 132, 146, 148, 168, 192, 255, 274, 287, 325, 409, 444, 494, 497
6, 8, 17, 74, 83, 125, 154, 159, 171, 222, 274, 283, 302, 306, 360
6, 67, 87, 109, 166, 169, 179, 188, 192, 248, 289, 307, 318, 330, 374, 403, 471
18, 105, 118, 125, 137, 152, 160, 163, 170, 222, 277, 324, 333, 334, 336, 375, 391, 395, 437, 472, 492
23, 25, 118, 124, 188, 202, 215, 259, 289, 334, 360, 377, 399, 403, 432, 443, 455, 456, 497
11, 51, 69, 131, 229, 432, 491
51, 72, 73, 126, 170, 200, 248, 325, 368, 437, 438, 456, 472, 473, 480
11, 21, 29, 124, 142, 154, 209, 219, 238, 240, 277, 335, 375, 399, 405, 444, 447, 470, 497
5, 34, 38, 125, 219, 222, 237, 340, 350, 371, 402, 437, 446
9, 36, 85, 118, 119, 193, 220, 316, 409, 437, 449
63, 67, 119, 209, 281, 339, 404, 423, 456, 472
83, 104, 107, 137, 147, 209, 222, 248, 317, 354, 377, 387, 439, 481
69, 125, 127, 222, 227, 281, 330, 335, 371, 397, 404, 437
20, 36, 59, 70, 109, 139, 140, 147, 318, 324, 330, 344, 384, 415, 444, 447, 492
14, 17, 73, 124, 139, 140, 160, 169, 188, 198, 231, 319, 328, 387, 471, 473, 480, 490
14, 64, 72, 138, 259, 284, 360, 371
43, 83, 92, 145, 192, 221, 281, 307, 326, 423, 426, 432, 494
13, 24, 36, 109, 152, 192, 227, 233, 283, 294, 300, 481
6, 36, 38, 60, 69, 85, 169, 319, 340, 422, 487
125, 183, 220, 248, 259, 318, 371, 404, 416, 499
36, 38, 39, 45, 63, 154, 171, 193, 209, 219, 335, 337, 402, 424, 445, 483, 486
4, 36, 38, 52, 118, 176, 192, 198, 246, 281, 372, 373, 374, 395, 419, 437, 477, 481
118, 138, 147, 168, 365, 371
8, 51, 169, 197, 209, 232, 246, 285, 372, 375, 418, 482, 493
10, 11, 40, 60, 119, 143, 146, 170, 231, 238, 240, 318, 359, 377, 412, 444, 488
29, 127, 167, 231, 261, 291, 331, 412, 447
51, 71, 127, 182, 214, 306, 319, 346, 371, 418, 419, 464, 491
0, 28, 48, 74, 89, 233, 279, 293, 370, 388, 397, 442, 474, 486
54, 62, 72, 87, 140, 148, 149, 181, 216, 247, 307, 320, 333, 351, 423, 444, 453, 454, 456, 481
3, 63, 140, 142, 189, 192, 221, 294, 321, 352, 372, 377
83, 124, 159, 176, 360
11, 38, 49, 59, 124, 137, 139, 142, 148, 167, 170, 176, 227, 246, 283, 293, 318, 340, 347, 366, 399, 415, 472, 493
0, 11, 41, 48, 74, 101, 109, 138, 155, 179, 216, 229, 231, 274, 293, 318, 346, 374, 389, 435, 443, 471, 473, 480
21, 36, 66, 110, 242, 330, 344, 350, 430, 449, 473
36, 124, 144, 182, 243, 337, 353, 356, 402, 440, 448, 455, 480, 494
41, 83, 87, 172, 311, 400, 437
80, 191, 285, 306, 334, 335, 492
21, 27, 114, 169, 176, 221, 248, 281, 326, 336, 344, 346, 444, 446, 447, 465
87, 154, 160, 340, 377
7, 17, 28, 62, 85, 86, 108, 155, 170, 182, 188, 209, 219, 233, 234, 287, 289, 291, 395, 412, 433
41, 47, 48, 87, 117, 124, 127, 168, 209, 212, 273, 289, 307, 318, 402, 420, 439, 477
8, 39, 48, 63, 86, 161, 185, 213, 257, 281, 320, 329, 374, 402, 490
3, 7, 15, 48, 63, 119, 132, 139, 222, 231, 238, 255, 284, 318, 377, 432, 486
22, 23, 29, 36, 69, 77, 78, 109, 188, 213, 221, 229, 230, 247, 293, 318, 335, 397, 403, 483
39, 55, 127, 137, 205, 306, 311, 397, 416, 423
112, 169, 201, 283, 325, 385
28, 42, 119, 121, 127, 137, 155, 159, 167, 251, 257, 281, 319, 325, 340, 403, 439, 443
38, 67, 85, 228, 284, 302, 336, 354, 358, 359, 360, 374, 400, 455, 480, 484, 488
51, 63, 123, 135, 163, 214, 215, 299, 377, 494
59, 156, 159, 182, 188, 203, 227, 247, 319, 374, 390, 418, 472
11, 69, 76, 90, 106, 139, 150, 234, 295, 392, 402, 451, 495
3, 11, 17, 28, 38, 87, 95, 112, 147, 166, 182, 234, 266, 311, 374, 405, 418, 485, 488
7, 16, 39, 48, 78, 83, 87, 137, 142, 147, 169, 180, 198, 219, 221, 238, 243, 259, 286, 326, 371, 379, 387, 437, 449, 469
63, 78, 81, 87, 97, 117, 148, 159, 246, 247, 284, 325, 338, 351, 374, 397, 399, 421
34, 55, 119, 142, 154, 219, 280, 285, 319, 409, 418
28, 36, 85, 86, 93, 185, 192, 214, 219, 319, 325, 335, 432, 433, 439, 443, 445, 451
43, 48, 49, 147, 168, 171, 190, 204, 248, 267, 293, 316, 337, 368, 439, 463
87, 132, 146, 150, 168, 169, 172, 176, 221, 246, 247, 288, 303, 336, 356, 382, 400, 403, 409, 414, 420, 444, 446
34, 119, 145, 364, 368, 405, 477
5, 9, 10, 28, 45, 74, 83, 85, 90, 108, 132, 155, 176, 221, 289, 293, 326, 328, 359, 389, 400, 418, 446, 473, 478
6, 63, 69, 102, 103, 116, 135, 140, 170, 179, 203, 293, 395, 432, 438, 441, 487
9, 48, 53, 63, 67, 89, 147, 166, 246, 258, 266, 323, 375, 402, 418, 425, 482
36, 132, 144, 200, 300
42, 63, 86, 94, 127, 209, 219, 252, 281, 324, 337, 444, 472
5, 61, 124, 148, 185, 192, 212, 281, 301, 399, 414, 424, 425, 451, 472, 473
62, 63, 78, 94, 99, 179, 261, 351, 397, 405, 421, 422, 484, 490
14, 50, 120, 192, 221, 325, 330, 398, 432, 439, 442, 459
100, 106, 132, 146, 147, 171, 219, 242, 274, 329, 371, 421, 483
20, 62, 73, 86, 87, 116, 144, 234, 470, 472
26, 61, 70, 74, 107, 114, 132, 135, 191, 247, 259, 272, 277, 308, 318, 437
69, 72, 73, 85, 105, 107, 125, 159, 185, 187, 231, 240, 371, 377, 397, 403, 444, 462, 472
8, 146, 215, 300, 306, 423, 465
9, 87, 100, 278, 300, 326, 371, 404, 405, 432, 436, 447
18, 35, 77, 142, 143, 145, 159, 168, 210, 266, 283, 302, 322, 360, 364, 368, 384, 402, 409, 416, 419, 497
28, 51, 186, 238, 290, 418
11, 36, 38, 72, 86, 87, 92, 105, 137, 163, 170, 203, 222, 333, 334, 391, 437, 472, 492
3, 10, 63, 106, 108, 121, 130, 222, 291, 303, 306, 331, 360, 371, 374, 414, 451
10, 48, 70, 122, 124, 142, 169, 203, 231, 319, 459, 477, 487
7, 40, 80, 86, 143, 150, 229, 236, 247, 374, 442, 461
36, 59, 70, 84, 188, 192, 199, 294, 318, 319, 322, 325, 368, 371, 372, 447
36, 38, 39, 83, 102, 163, 182, 188, 191, 299, 335, 402, 404, 414, 432, 444, 447, 477
3, 45, 80, 106, 108, 117, 137, 171, 201, 222, 277, 291, 292, 300, 303, 318, 360, 371, 387, 400, 402, 415
41, 87, 108, 127, 190, 192, 221, 238, 279, 300, 375, 389, 402, 405, 437, 446, 463, 471
9, 52, 127, 129, 146, 178, 221, 359, 368, 374, 437
14, 17, 48, 60, 87, 116, 152, 154, 174, 240, 274, 281, 283, 293, 337, 344, 360, 439, 447, 484
3, 17, 123, 217, 418, 439
67, 83, 87, 109, 111, 166, 186, 190, 222, 273, 281, 283, 299, 338, 416, 428, 446
173, 238, 254, 259, 483
22, 91, 150, 214, 312, 374, 442
36, 50, 69, 73, 85, 107, 142, 143, 147, 148, 159, 163, 187, 222, 337, 377, 446, 472
31, 38, 68, 116, 201, 240, 250, 259, 287, 316, 322, 359, 363, 412, 443, 446
11, 47, 85, 112, 143, 210, 269, 395, 438
34, 109, 213, 269, 293, 432, 471
90, 121, 127, 137, 169, 176, 221, 293, 300, 336, 446
7, 8, 35, 132, 147, 193, 217, 222, 263, 265, 271, 283, 444, 491
11, 170, 238, 240, 318, 412, 488
7, 17, 38, 73, 86, 120, 139, 149, 157, 170, 171, 179, 209, 216, 219, 259, 300, 306, 340, 360, 389, 449, 487
11, 69, 128, 148, 149, 151, 167, 187, 238, 240, 247, 263, 266, 277, 314, 319, 353, 359, 446
29, 163, 293, 377, 384, 395, 422
83, 85, 97, 101, 132, 144, 161, 167, 205, 216, 237, 242, 261, 299, 335, 342, 359, 371, 403, 405, 442, 486, 497
87, 111, 116, 117, 119, 154, 159, 226, 229, 231, 277, 281, 326, 353, 397, 409, 412, 464, 479
7, 10, 13, 18, 59, 63, 77, 85, 102, 157, 210, 221, 223, 226, 259, 283, 300, 325, 336, 354, 423, 471, 490
3, 11, 17, 38, 47, 49, 60, 95, 128, 147, 203, 246, 281, 297, 405, 414
3, 36, 39, 142, 163, 166, 214, 242, 280, 330, 336, 428, 432, 471
9, 14, 17, 38, 69, 71, 123, 222, 247, 277, 320, 326, 347, 350, 463
98, 100, 116, 231, 236, 248, 263, 281, 300, 339, 389, 443, 490
63, 87, 101, 107, 112, 140, 169, 192, 246, 287, 400, 405, 416, 421, 454, 480
52, 117, 132, 182, 190, 214, 222, 226, 246, 282, 300, 388, 403, 416, 495
18, 66, 67, 92, 106, 117, 125, 147, 168, 234, 246, 247, 260, 319, 354, 357, 420, 442, 456, 482, 497
19, 21, 80, 100, 143, 147, 166, 167, 179, 192, 202, 221, 240, 293, 298, 322, 354, 403, 490
78, 81, 85, 86, 163, 176, 210, 325, 353, 360, 403, 416, 446, 480
38, 117, 133, 150, 155, 233, 247, 281, 288, 354, 387, 403, 414, 415, 420, 422, 444, 459
23, 68, 72, 321, 471
17, 31, 123, 154, 163, 181, 217, 222, 272, 371, 387, 398, 416, 482
18, 63, 102, 116, 242, 326, 480, 487
7, 9, 25, 51, 72, 73, 123, 140, 147, 183, 217, 219, 227, 237, 238, 289, 311, 318, 347, 353, 387, 418, 421, 423, 424, 449, 463, 467, 472
33, 92, 123, 124, 137, 150, 159, 179, 222, 226, 245, 281, 312, 314, 318, 324, 335, 359, 387, 395, 404, 437, 451, 477, 493
8, 28, 38, 90, 124, 213, 214, 235, 283, 286, 318, 319, 367, 412, 414, 416, 446, 471
52, 147, 169, 171, 179, 183, 277, 342, 358, 412, 419, 439
71, 83, 127, 166, 169, 193, 238, 271, 281, 286, 309, 314, 322, 325, 358, 410, 444, 471, 488
66, 101, 125, 175, 191, 201, 221, 283, 293, 319, 325, 347, 446, 493
38, 214, 224, 230, 439
3, 4, 11, 38, 72, 74, 146, 194, 220, 255, 335, 359, 388, 416, 420, 432, 439, 444, 465, 472
0, 63, 87, 89, 120, 318, 323, 325, 360, 400, 420, 494, 499
66, 87, 93, 109, 111, 190, 222, 274, 281, 335, 350, 371, 374, 402, 416, 428, 459, 471, 472
12, 69, 93, 136, 202, 205, 222, 245, 259, 281, 285, 289, 319, 374, 402, 414, 456, 473, 482
48, 63, 135, 150, 192, 233, 293, 307, 311, 316, 404, 431, 464, 487
63, 112, 219, 222, 274, 281, 300, 303, 342
0, 90, 116, 136, 155, 229, 235, 236, 259, 283, 316, 326, 336, 350, 374, 402, 414, 425, 446, 472
11, 32, 72, 140, 172, 324, 455, 490
9, 40, 85, 124, 137, 159, 188, 192, 226, 314, 324, 399, 416, 493
9, 17, 21, 104, 106, 119, 139, 150, 157, 171, 202, 295, 347, 402, 442, 451, 463
29, 63, 248, 289, 318, 371, 412, 432, 481
38, 40, 43, 48, 117, 125, 148, 149, 170, 186, 232, 302, 306, 359, 371, 402
29, 38, 87, 179, 188, 207, 274, 277, 350, 359, 372, 397, 405, 442, 446, 455, 456
36, 72, 81, 127, 137, 174, 187, 219, 231, 248, 255, 283, 316, 335, 344, 401, 405, 433, 486
63, 148, 160, 173, 174, 215, 277, 281, 324, 400, 439, 473, 490
49, 154, 221, 374, 410, 441, 456
87, 94, 132, 147, 188, 222, 289, 293, 300, 461
28, 51, 63, 118, 147, 154, 243, 289, 410, 477
48, 55, 80, 142, 183, 193, 210, 216, 243, 326, 328, 360, 405, 444
5, 9, 51, 112, 119, 127, 132, 135, 191, 210, 231, 277, 281, 300, 325, 329, 336, 340, 405, 410, 419, 438, 446, 473, 490
6, 9, 55, 60, 61, 96, 120, 124, 132, 283, 339, 389, 423, 444, 463
18, 28, 119, 120, 193, 214, 299, 347, 368, 420, 432, 439
17, 36, 45, 49, 123, 137, 144, 148, 169, 193, 219, 222, 227, 278, 354, 379, 387, 443, 486
9, 67, 87, 121, 129, 146, 180, 210, 221, 246, 283, 437, 472
11, 43, 109, 116, 117, 119, 139, 148, 155, 176, 204, 226, 272, 299, 338, 344, 416, 419, 456, 482, 487
35, 97, 192, 215, 218, 269, 347, 374, 377, 414, 418, 472
14, 50, 63, 73, 104, 107, 119, 121, 124, 132, 137, 147, 150, 158, 248, 258, 267, 278, 281, 302, 317, 331, 336, 340, 354, 360, 374, 387, 405, 439, 449, 464, 481
52, 103, 142, 166, 234, 307, 316, 416, 437, 464
48, 61, 188, 201, 227, 246, 261, 339, 374, 457, 487, 499
17, 43, 93, 123, 144, 201, 293, 325, 359, 396, 399, 443, 446
35, 36, 39, 45, 93, 205, 237, 248, 261, 283, 336, 374, 442
85, 87, 182, 221, 224, 247, 261, 283, 336, 358, 377, 420, 429, 481
6, 14, 70, 92, 132, 138, 145, 148, 150, 181, 182, 217, 368, 416, 444, 456, 491
129, 154, 319, 363, 403
38, 59, 66, 121, 182, 192, 217, 222, 284, 319, 325, 326, 336, 399, 471, 478, 485
5, 17, 26, 38, 82, 125, 132, 137, 144, 157, 222, 247, 330, 360, 399, 402, 431, 469
11, 18, 101, 109, 193, 236, 247, 274, 352, 387, 397, 439, 447
87, 172, 233
4, 107, 132, 154, 241, 255, 416
6, 8, 36, 52, 62, 78, 90, 125, 147, 163, 169, 235, 336, 420, 497
14, 17, 94, 127, 145, 160, 200, 208, 209, 221, 242, 287, 335, 360, 403, 418, 486
83, 85, 87, 132, 152, 188, 238, 259, 279, 320, 364, 437
41, 81, 83, 97, 219, 221, 222, 233, 242, 444, 493
7, 12, 38, 43, 63, 86, 100, 209, 238, 281, 377, 437, 445, 446, 447, 490
38, 40, 125, 144, 145, 166, 229, 303, 335, 377, 400, 402, 420, 455, 494
78, 93, 179, 266, 277, 278, 318, 374, 382, 388, 402, 463, 471
10, 13, 87, 130, 221, 248, 257, 274, 329, 350, 418, 436, 440, 444, 481, 483
12, 35, 48, 53, 75, 93, 139, 188, 209, 210, 336, 347, 399, 442
42, 49, 63, 87, 109, 155, 209, 285, 446
61, 87, 101, 117, 144, 148, 152, 154, 169, 170, 172, 221, 222, 281, 289, 300, 331, 335, 346, 347, 360, 371, 400, 425, 480, 481, 482
13, 39, 71, 102, 123, 133, 135, 147, 188, 209, 210, 238, 242, 247, 266, 283, 285, 289, 298, 307, 325, 330, 374, 380, 410, 423, 463, 490
11, 246, 388, 399, 446
38, 221, 360, 451, 472
2, 9, 36, 75, 78, 88, 111, 121, 143, 145, 152, 154, 169, 289, 306, 337, 344, 414, 422, 423, 432, 437, 439, 451, 456, 493
5, 9, 28, 47, 93, 119, 124, 212, 232, 238, 258, 291, 300, 306, 325, 338, 360, 456, 459, 465
69, 85, 132, 139, 191, 198, 209, 222, 273, 281, 366, 403, 422, 432, 471, 483, 497
63, 109, 123, 135, 137, 160, 221, 304, 306, 402, 405, 442, 480
38, 47, 63, 132, 191, 219, 231, 237, 295, 299, 335, 339, 347, 403, 405, 433, 463, 486, 490, 497
3, 27, 42, 62, 69, 86, 109, 124, 130, 140, 173, 188, 258, 281, 311, 380
78, 83, 142, 317, 403
3, 28, 69, 83, 171, 246, 300, 303, 314, 402, 446, 459, 460, 497
10, 63, 416, 432, 483
20, 28, 69, 123, 142, 233, 318, 342, 405, 462
17, 74, 76, 99, 104, 116, 124, 135, 142, 182, 198, 201, 274, 280, 335, 339, 354, 360, 405, 412, 432, 446
49, 148, 236, 274, 330, 344, 412, 442, 444, 481
3, 108, 222, 238, 281, 306, 371, 374, 455, 464
38, 69, 87, 95, 107, 203, 204, 222, 226, 436, 482, 487
28, 39, 100, 116, 139, 140, 187, 238, 274, 323, 353, 364, 368, 403, 416, 418
125, 170, 173, 180, 183, 214, 221, 257, 281, 337, 374, 425, 431, 432, 437, 446, 469, 471, 477
5, 28, 36, 38, 48, 60, 80, 144, 209, 234, 236, 259, 294, 300, 321, 335, 339, 402, 405, 443, 482
21, 72, 160, 170, 172, 179, 205, 213, 231, 232, 281, 289, 306, 371, 388, 418
38, 40, 146, 153, 238, 259, 293, 326, 339, 359, 375, 385, 451, 471, 484
118, 155, 170, 209, 220, 222, 238, 272, 274, 338, 374, 412, 418, 443, 471, 491
11, 32, 36, 47, 71, 137, 142, 231, 263, 318, 377, 380
5, 17, 38, 87, 106, 112, 132, 213, 221, 354, 360, 395, 451, 472
5, 23, 40, 86, 116, 188, 241, 281, 347, 375, 490
51, 145, 216, 238, 274, 283, 300, 415, 472, 485
33, 43, 85, 87, 119, 154, 182, 221, 222, 261, 289, 336, 376, 403, 412, 429, 480, 481
63, 81, 159, 160, 277, 281, 324, 400
48, 251, 254, 319, 328, 459, 497
69, 85, 116, 159, 179, 209, 217, 243, 377, 388, 435, 480
48, 52, 60, 62, 63, 118, 123, 127, 195, 212, 226, 280, 285, 293, 348, 357, 374, 403, 464, 482
36, 63, 124, 125, 227, 267, 268, 283, 331, 342, 351, 366, 369, 387, 405, 436, 444
3, 43, 72, 87, 159, 175, 192, 217, 232, 243, 289, 329, 368, 416, 432
35, 50, 85, 89, 108, 193, 212, 261, 366, 378, 382, 447, 472, 492
28, 51, 78, 119, 147, 155, 221, 294, 360, 372, 374, 378, 385, 410, 413, 481
5, 85, 93, 144, 326, 356, 360, 374, 402, 455, 459, 467, 480, 493, 494
9, 14, 28, 29, 43, 66, 81, 93, 130, 166, 198, 227, 240, 246, 283, 303, 318, 326, 354, 377, 414, 440, 446, 471
38, 90, 109, 155, 216, 236, 326, 336, 368, 374, 402, 425, 446, 471, 472
6, 8, 36, 85, 89, 124, 169, 227, 238, 266, 272, 283, 318, 319, 321, 322, 422, 443
13, 197, 414, 471
5, 35, 106, 139, 150, 157, 281, 295, 332, 402, 451
8, 18, 77, 78, 142, 168, 169, 202, 266, 300, 302, 326, 340, 360, 364, 368, 402, 409, 419, 482, 484, 497
66, 78, 96, 171, 188, 192, 227, 246, 258
36, 192, 307, 354, 423, 439, 454, 491
47, 62, 87, 171, 259, 280, 289, 318, 377, 387, 405, 443, 444, 464, 474
13, 102, 135, 147, 210, 247, 423, 463, 490
50, 73, 92, 132, 150, 179, 219, 222, 272, 283, 337, 346, 385, 400, 402, 477
5, 22, 29, 38, 123, 131, 144, 226, 233, 236, 321, 328, 444, 456
3, 4, 14, 63, 67, 87, 102, 117, 207, 353, 399, 446, 497
16, 41, 102, 125, 139, 170, 220, 246, 291, 354, 425, 459, 491
11, 14, 140, 170, 238, 240, 306, 318, 342, 360, 412, 443, 469, 488
29, 39, 51, 63, 74, 78, 85, 101, 146, 147, 148, 159, 188, 198, 306, 377, 401, 412, 436, 437, 444, 471
10, 21, 38, 51, 72, 132, 150, 157, 169, 273, 291, 300, 360, 363, 471, 482
3, 4, 38, 83, 104, 112, 121, 147, 169, 307, 325, 371, 374, 399, 404, 472
25, 45, 154, 174, 222, 227, 246, 248, 340, 344, 387, 395, 399, 400, 410, 456, 464, 485
38, 39, 160, 171, 203, 213, 283, 335, 353, 359, 382, 409, 448, 488
12, 80, 95, 97, 138, 166, 238, 248, 271, 336, 350, 375, 418, 431, 465, 474, 477, 487, 490
8, 22, 43, 63, 140, 142, 174, 192, 246, 247, 300, 318, 405, 421, 464, 472
3, 38, 99, 104, 112, 123, 124, 138, 143, 169, 216, 238, 246, 261, 274, 281, 284, 293, 325, 369, 395, 404, 456, 472, 481, 490
26, 36, 38, 102, 117, 144, 146, 195, 259, 318, 324, 353, 374, 377, 397, 399, 405, 409, 472
5, 22, 38, 74, 114, 195, 236, 248, 274, 283, 298, 321, 335, 338, 432, 481
28, 47, 71, 85, 87, 125, 132, 154, 360, 442
209, 404, 439, 464, 493
11, 36, 63, 87, 139, 245, 246, 311, 316, 372, 375, 400, 403, 419, 432, 486
33, 60, 67, 80, 95, 127, 167, 284, 289, 335, 354, 440, 455
40, 63, 86, 87, 116, 138, 159, 202, 207, 281, 295, 364, 395, 417, 433, 456, 483, 490
3, 39, 41, 63, 106, 210, 238, 247, 281, 318, 330, 346, 354, 473
57, 73, 97, 111, 117, 132, 139, 176, 186, 189, 192, 193, 213, 281, 283, 291, 330, 380, 383, 395, 402, 410, 492, 493
26, 38, 144, 146, 353, 377, 409
38, 87, 127, 180, 219, 246, 260, 302, 319, 355, 383, 463
17, 25, 38, 39, 62, 87, 99, 105, 221, 287, 314, 326, 433, 459, 472
3, 21, 26, 121, 137, 148, 159, 234, 259, 303, 310, 318, 320, 368, 371, 403, 472, 495
8, 17, 61, 104, 117, 305, 339, 374, 432
11, 18, 40, 54, 69, 74, 221, 222, 274, 293, 350, 353, 360, 414, 432, 442, 471, 480, 493
11, 21, 33, 118, 142, 150, 160, 172, 233, 247, 329, 416
10, 11, 72, 147, 154, 216, 217, 221, 248, 272, 290, 302, 306, 318, 330, 335, 371, 420, 425, 442, 480, 486
36, 40, 86, 127, 199, 209, 246, 320, 344, 359, 364, 412, 436, 443
17, 36, 89, 132, 241, 277, 377, 420, 437, 495, 497
7, 11, 23, 28, 74, 85, 89, 97, 146, 168, 183, 192, 217, 249, 316, 335, 418, 446, 472, 493, 495
14, 23, 40, 91, 95, 101, 168, 193, 217, 227, 247, 325, 339, 372, 397, 403, 431, 432, 465, 477
29, 36, 78, 107, 112, 127, 178, 238, 277, 283, 368, 419, 423, 444, 487
70, 71, 138, 203, 217, 243, 332, 400, 418, 459, 485, 495, 499
14, 64, 72, 138, 259, 261, 284, 360, 379, 493
3, 5, 14, 36, 59, 63, 80, 87, 114, 117, 167, 207, 222, 238, 311, 343, 353, 399, 443, 444, 446, 486, 493, 495
10, 19, 21, 51, 83, 87, 100, 123, 145, 149, 170, 209, 221, 306, 337, 366, 390, 400, 412, 425, 459
43, 80, 209, 234, 259, 261, 299, 300, 339, 402, 405, 416, 419, 443
117, 130, 132, 154, 178, 266, 336, 338, 399, 424
31, 48, 170, 278, 348, 360, 387, 410, 437
14, 33, 39, 45, 63, 101, 117, 127, 144, 155, 167, 221, 283, 303, 306, 395, 471
9, 22, 38, 51, 74, 118, 132, 170, 188, 261, 313, 364, 371, 378, 400, 416, 437, 438, 444, 457, 471, 472, 495
9, 25, 36, 49, 54, 63, 111, 115, 201, 316, 428, 443
18, 28, 29, 158, 241, 255, 283, 295, 300, 314, 335, 374, 416, 446, 451, 471
78, 123, 169, 221, 247, 255, 295, 297, 416, 443, 455, 474
43, 69, 123, 132, 142, 147, 188, 236, 246, 248, 306, 307, 368, 432, 443, 471, 473
10, 14, 51, 63, 67, 85, 87, 132, 142, 194, 221, 229, 246, 287, 319, 350, 364, 368, 438, 465, 472, 491
15, 68, 116, 168, 201, 214, 221, 250, 287, 322, 353, 363, 374, 387, 421, 446, 472
8, 9, 21, 67, 119, 125, 143, 170, 179, 219, 335, 368, 371, 397, 399, 405, 437, 444
221, 225, 229, 234, 319
36, 46, 109, 199, 209, 248, 289, 359, 360, 405, 414, 442
55, 60, 63, 123, 183, 322, 344, 397, 442, 455, 480
15, 48, 51, 78, 119, 139, 222, 372, 377, 486, 493
46, 107, 145, 179, 182, 186, 231, 247, 334, 338, 350, 372, 389, 423, 448, 471, 480
3, 12, 63, 174, 192, 344, 352, 372, 377
14, 47, 50, 52, 61, 74, 117, 159, 188, 216, 278, 281, 299, 300, 335, 353, 423, 432
5, 23, 87, 103, 109, 128, 147, 261, 335, 368, 371, 375, 397, 432, 451, 463
23, 41, 51, 78, 85, 132, 138, 167, 318, 326, 409, 447, 459, 471
67, 118, 138, 146, 176, 203, 230, 238, 281, 288, 293, 298, 299, 311, 316, 318, 340, 442, 447, 471
11, 28, 69, 90, 113, 127, 173, 210, 221, 274, 347, 360, 402, 449
9, 36, 53, 318, 371, 404
38, 118, 142, 170, 210, 241, 248, 278, 295, 316, 318, 325, 375, 380, 486
87, 112, 116, 132, 152, 192, 241, 247, 283, 318, 456, 463
3, 27, 43, 49, 63, 66, 87, 125, 128, 130, 148, 178, 374, 400, 425, 468, 482, 484, 490, 492
28, 68, 93, 117, 123, 170, 171, 199, 221, 321, 359
9, 19, 28, 29, 49, 78, 87, 114, 118, 125, 128, 129, 132, 148, 152, 169, 182, 203, 220, 283, 285, 328, 336, 339, 388, 412, 424, 451, 484
38, 39, 48, 63, 66, 92, 116, 123, 159, 209, 222, 230, 241, 283, 328, 331, 359, 383, 403, 409, 437, 445, 495, 497
51, 63, 127, 155, 213, 368, 401, 419, 437
23, 107, 125, 191, 333, 336, 353, 400, 405, 436, 480, 483
3, 10, 24, 38, 61, 63, 112, 137, 176, 221, 222, 225, 277, 330, 371, 387, 395, 416, 432, 450, 459, 481, 483, 492
5, 35, 38, 79, 107, 124, 187, 192, 222, 306, 309, 374, 417, 431, 495
103, 107, 124, 132, 148, 171, 190, 213, 283, 331, 356, 357, 399, 405, 471, 472, 480
83, 102, 107, 124, 151, 179, 212, 214, 247, 274, 283, 287, 322, 325, 326, 427, 428, 472, 493
38, 54, 62, 132, 156, 247, 255, 260, 322, 366, 403, 420, 423, 444, 446
17, 23, 28, 35, 62, 118, 120, 128, 138, 169, 282, 352, 400, 405, 412, 456, 471, 484
9, 11, 29, 80, 132, 137, 147, 149, 150, 200, 255, 295, 308, 346, 459, 485, 495
4, 55, 63, 87, 120, 139, 219, 222, 252, 316, 318, 325, 328, 348, 360, 371
11, 28, 47, 60, 69, 118, 139, 154, 226, 274, 360, 366, 425, 437, 439, 451, 456, 472, 487, 495
19, 63, 107, 147, 247, 374, 399, 400, 405, 437
29, 83, 101, 143, 163, 217, 238, 259, 274, 329, 365, 400, 415, 435, 482
9, 17, 94, 127, 219, 247, 253, 293, 359, 371
10, 50, 67, 116, 214, 238, 248, 318, 402, 445
11, 59, 69, 85, 95, 118, 127, 148, 212, 258, 328, 348, 371, 395, 399, 404, 405, 456, 471, 486
3, 8, 9, 89, 124, 188, 238, 248, 306, 472, 473, 488
83, 98, 160, 259, 292, 368, 450
7, 48, 127, 147, 170, 187, 246, 247, 280, 330, 336, 385, 392, 405, 437, 442, 444, 477, 496
68, 87, 116, 219, 221, 340, 399, 444, 472, 478, 487
0, 18, 49, 63, 91, 137, 152, 169, 201, 217, 231, 255, 281, 283, 405, 416, 451, 459, 472, 492
0, 42, 86, 137, 146, 152, 158, 203, 222, 416, 426, 451
163, 385, 399, 400, 402, 415, 435, 456, 482
132, 135, 143, 238, 242, 246, 318, 387, 490
8, 11, 39, 46, 91, 107, 111, 117, 132, 192, 210, 212, 219, 280, 283, 319, 338, 350, 440, 467
41, 101, 138, 155, 163, 216, 293, 480
40, 62, 67, 70, 117, 127, 135, 293, 318, 368, 374, 439, 442
69, 78, 127, 293, 373, 447, 490
68, 71, 104, 121, 123, 168, 170, 192, 222, 246, 248, 274, 289, 293, 303, 314, 319, 371, 375, 380
40, 63, 83, 135, 138, 169, 202, 207, 209, 215, 236, 336, 344, 364, 377, 392, 409, 431, 456
2, 22, 28, 47, 150, 226, 238, 274, 283, 360, 378, 410, 439, 451, 456, 487
17, 18, 104, 107, 112, 125, 150, 209, 214, 221, 233, 238, 280, 424, 480, 486, 492
38, 48, 107, 123, 125, 155, 163, 169, 221, 241, 277, 321, 329, 377, 446, 447, 480, 492
16, 36, 60, 124, 145, 148, 155, 221, 255, 309, 371, 444, 448
29, 36, 69, 77, 86, 109, 213, 229, 230, 255, 282, 318, 325, 326, 335, 360, 471, 483
11, 28, 31, 53, 123, 127, 144, 145, 191, 236, 286, 311, 326, 331, 348, 352, 387, 397, 403, 432, 438, 439, 447, 492
289, 306, 328, 472
2, 17, 34, 36, 118, 121, 148, 215, 217, 219, 248, 259, 306, 346, 358, 401, 414, 441, 456
2, 3, 36, 106, 108, 121, 222, 291, 303, 306, 371, 414, 456
11, 35, 93, 96, 102, 139, 188, 214, 248, 259, 263, 291, 321, 322, 336, 360, 374, 399, 412, 416, 443
26, 29, 38, 71, 118, 120, 132, 201, 214, 247, 253, 258, 330, 360, 400, 402, 491
8, 10, 38, 78, 129, 160, 221, 377, 484
9, 15, 21, 29, 38, 48, 71, 80, 124, 147, 205, 208, 209, 213, 222, 254, 267, 281, 318, 353, 442, 444, 449
3, 18, 146, 167, 221, 222, 432, 442, 471
63, 67, 103, 112, 123, 159, 163, 169, 179, 210, 222, 231, 245, 274, 281, 303, 335, 337, 348, 359, 372, 437, 443, 453
15, 83, 132, 137, 190, 266, 388
29, 68, 93, 124, 139, 154, 191, 221, 230, 234, 259, 327, 338, 395, 399, 416, 480, 487
132, 237, 299, 335, 403, 405, 486, 497
23, 81, 118, 168, 198, 201, 203, 214, 219, 222, 233, 246, 274, 300, 337, 358, 377, 395, 464, 499
38, 46, 71, 79, 85, 87, 201, 259, 318, 326, 371, 388, 414, 419, 431, 437, 464, 488, 495
11, 40, 48, 78, 147, 148, 170, 201, 221, 274, 286, 292, 360, 395, 416
17, 25, 38, 59, 75, 85, 87, 99, 116, 147, 231, 238, 293, 299, 314, 357, 402, 436, 437
33, 35, 47, 62, 114, 138, 188, 227, 282, 283, 352, 353, 368, 378, 400, 405, 412, 456, 471
8, 17, 35, 50, 85, 102, 108, 193, 219, 227, 280, 300, 309, 311, 316, 354, 366, 409
